Cosmic Time [Gyr],SFR [Msun/yr],Metallicity
0.13150000,0.00000000,0.00000010
0.14350000,0.00000000,0.00000010
0.15550000,0.00000000,0.00000010
0.16750000,0.00000000,0.00000010
0.17950000,0.00000000,0.00000010
0.19150000,0.00000000,0.00000010
0.20350000,0.00000000,0.00000010
0.21550000,0.00000000,0.00000010
0.22750000,0.00000000,0.00000010
0.23950000,0.00000000,0.00000010
0.25150000,0.00000000,0.00000010
0.26350000,0.00000000,0.00000010
0.27550000,0.00000000,0.00000010
0.28750000,0.00000000,0.00000010
0.29950000,0.00000000,0.00000010
0.31150000,0.00000000,0.00000010
0.32350000,0.00000000,0.00000010
0.33550000,0.00000000,0.00000010
0.34750000,0.04575910,0.00000010
0.35950000,0.22297119,0.00000010
0.37150000,0.51441014,0.00000336
0.38350000,0.96404767,0.00007015
0.39550000,1.41467173,0.00017193
0.40750000,1.96216850,0.00028104
0.41950000,2.63282138,0.00035872
0.43150000,3.26051335,0.00042459
0.44350000,3.88964150,0.00053010
0.45550000,4.27101390,0.00061077
0.46750000,4.62325982,0.00065953
0.47950000,4.84403161,0.00069795
0.49150000,4.93103110,0.00072047
0.50350000,4.79150788,0.00070089
0.51550000,4.50847232,0.00065885
0.52750000,4.52553448,0.00058235
0.53950000,4.56182717,0.00052702
0.55150000,4.65805916,0.00049432
0.56350000,4.85868567,0.00048331
0.57550000,5.25448012,0.00048750
0.58750000,6.11298145,0.00049037
0.59950000,7.25176433,0.00052572
0.61150000,8.41310283,0.00053184
0.62350000,9.01095893,0.00060533
0.63550000,9.36075216,0.00072952
0.64750000,9.88273393,0.00079792
0.65950000,10.40435879,0.00088767
0.67150000,10.42906954,0.00095856
0.68350000,10.33681018,0.00103567
0.69550000,10.40006795,0.00106179
0.70750000,10.15907915,0.00112005
0.71950000,10.55544580,0.00113613
0.73150000,10.57705968,0.00116604
0.74350000,10.71042305,0.00117418
0.75550000,10.75784563,0.00115546
0.76750000,12.06225035,0.00118844
0.77950000,13.74373769,0.00124329
0.79150000,15.93199893,0.00129790
0.80350000,17.88371687,0.00142353
0.81550000,19.04204387,0.00164030
0.82750000,21.81546700,0.00180072
0.83950000,23.92768641,0.00214540
0.85150000,26.11110334,0.00244718
0.86350000,28.15320040,0.00282212
0.87550000,30.42387331,0.00332068
0.88750000,32.12544810,0.00373079
0.89950000,33.85461978,0.00415984
0.91150000,36.02677594,0.00461275
0.92350000,35.58649577,0.00508508
0.93550000,37.10067955,0.00544004
0.94750000,38.43831288,0.00583827
0.95950000,41.34454579,0.00616976
0.97150000,45.45425900,0.00641699
0.98350000,50.34451503,0.00659612
0.99550000,53.68411641,0.00676124
1.00750000,57.85076567,0.00693721
1.01950000,62.64547390,0.00710019
1.03150000,66.33248777,0.00735664
1.04350000,70.13671800,0.00749337
1.05550000,74.73662602,0.00783428
1.06750000,77.22182749,0.00822295
1.07950000,79.76792083,0.00841851
1.09150000,82.13919355,0.00881284
1.10350000,84.43029160,0.00928209
1.11550000,85.59495214,0.00961450
1.12750000,88.60724847,0.00993514
1.13950000,90.22860143,0.01030897
1.15150000,93.10519021,0.01058660
1.16350000,94.41169181,0.01077980
1.17550000,98.65428702,0.01097592
1.18750000,101.61717345,0.01110973
1.19950000,107.23498549,0.01126889
1.21150000,113.02005045,0.01150094
1.22350000,116.74496232,0.01173073
1.23550000,122.32700820,0.01200888
1.24750000,126.75833255,0.01223701
1.25950000,131.74797822,0.01252098
1.27150000,137.12060351,0.01272686
1.28350000,142.06633333,0.01305427
1.29550000,147.22689058,0.01327634
1.30750000,153.57563693,0.01338188
1.31950000,158.83934901,0.01360006
1.33150000,165.36737370,0.01384772
1.34350000,167.51167630,0.01396986
1.35550000,171.57371940,0.01417362
1.36750000,173.85828021,0.01423993
1.37950000,176.81413752,0.01441744
1.39150000,180.92498530,0.01459154
1.40350000,185.06171019,0.01479991
1.41550000,186.24634317,0.01508529
1.42750000,192.23309848,0.01544796
1.43950000,192.49384533,0.01582858
1.45150000,193.85213819,0.01615977
1.46350000,194.81366307,0.01667910
1.47550000,196.80801660,0.01706397
1.48750000,198.62534521,0.01741952
1.49950000,202.24991810,0.01779952
1.51150000,204.97754958,0.01813188
1.52350000,210.32082635,0.01836595
1.53550000,211.40482755,0.01860829
1.54750000,210.83767379,0.01890106
1.55950000,215.92737693,0.01914393
1.57150000,220.71039953,0.01940079
1.58350000,222.99206609,0.01969863
1.59550000,227.34201390,0.01999996
1.60750000,231.35556699,0.02040403
1.61950000,231.75993660,0.02085418
1.63150000,235.04185396,0.02128003
1.64350000,237.12556512,0.02179496
1.65550000,239.57830598,0.02225200
1.66750000,242.75675487,0.02259770
1.67950000,243.14413065,0.02293002
1.69150000,248.57543105,0.02324072
1.70350000,257.65088633,0.02337724
1.71550000,264.51021082,0.02357332
1.72750000,268.64633453,0.02403966
1.73950000,274.60934779,0.02440772
1.75150000,276.33154538,0.02477003
1.76350000,277.25500010,0.02520611
1.77550000,275.42734901,0.02537888
1.78750000,273.17802779,0.02580385
1.79950000,270.22803896,0.02624559
1.81150000,261.07685899,0.02664749
1.82350000,253.51868698,0.02688753
1.83550000,246.77344861,0.02700407
1.84750000,238.97603721,0.02693214
1.85950000,230.90090655,0.02685186
1.87150000,228.83449309,0.02698311
1.88350000,232.08092622,0.02691745
1.89550000,230.76845486,0.02689825
1.90750000,230.35922134,0.02702683
1.91950000,229.82085566,0.02706398
1.93150000,231.45235343,0.02725884
1.94350000,226.09869687,0.02714605
1.95550000,222.03759324,0.02704834
1.96750000,222.53807198,0.02687471
1.97950000,217.74752211,0.02683556
1.99150000,218.82445167,0.02656148
2.00350000,219.25347961,0.02625365
2.01550000,214.76143236,0.02596163
2.02750000,214.12228385,0.02569436
2.03950000,206.67742897,0.02547491
2.05150000,207.74101802,0.02555972
2.06350000,213.08177801,0.02552370
2.07550000,213.99316133,0.02554514
2.08750000,214.43686170,0.02564575
2.09950000,213.58204431,0.02572654
2.11150000,217.42176851,0.02590753
2.12350000,217.80915587,0.02601761
2.13550000,215.34843099,0.02559380
2.14750000,216.85573348,0.02537661
2.15950000,221.87095250,0.02523290
2.17150000,221.49132167,0.02491932
2.18350000,225.08546997,0.02479311
2.19550000,225.89377695,0.02464701
2.20750000,223.15113328,0.02469757
2.21950000,219.35461073,0.02494074
2.23150000,217.72976179,0.02498097
2.24350000,218.02548165,0.02520025
2.25550000,214.55620927,0.02542665
2.26750000,208.40783132,0.02584008
2.27950000,209.76617023,0.02610240
2.29150000,209.93408760,0.02659329
2.30350000,214.51008023,0.02680663
2.31550000,210.98511492,0.02668912
2.32750000,207.58645714,0.02646226
2.33950000,209.94016757,0.02637215
2.35150000,207.39017602,0.02639460
2.36350000,209.09369976,0.02625025
2.37550000,208.89983154,0.02623474
2.38750000,208.40874640,0.02607632
2.39950000,207.59535525,0.02622940
2.41150000,208.36835311,0.02607216
2.42350000,206.36705115,0.02622995
2.43550000,204.01445609,0.02661573
2.44750000,198.89922362,0.02690200
2.45950000,193.08704679,0.02726634
2.47150000,197.35558013,0.02752027
2.48350000,192.81960785,0.02777096
2.49550000,195.48691844,0.02762991
2.50750000,192.95191368,0.02747457
2.51950000,197.57163018,0.02733485
2.53150000,203.91243479,0.02722273
2.54350000,203.05050614,0.02681336
2.55550000,206.05608897,0.02657973
2.56750000,206.50558865,0.02632239
2.57950000,212.40844221,0.02595342
2.59150000,217.36688573,0.02575342
2.60350000,220.35066242,0.02554968
2.61550000,220.77740355,0.02547862
2.62750000,220.59847377,0.02563237
2.63950000,218.08732072,0.02572932
2.65150000,215.78715804,0.02590154
2.66350000,215.84873842,0.02604425
2.67550000,213.96983649,0.02616346
2.68750000,215.09769555,0.02627202
2.69950000,209.46097150,0.02653309
2.71150000,206.93249164,0.02682362
2.72350000,201.38851143,0.02668984
2.73550000,197.88930849,0.02672347
2.74750000,198.26410698,0.02689547
2.75950000,193.43658072,0.02677686
2.77150000,196.47007575,0.02677244
2.78350000,199.20486915,0.02676507
2.79550000,203.66970319,0.02692844
2.80750000,202.91087060,0.02688734
2.81950000,203.44945990,0.02694240
2.83150000,200.74093932,0.02698125
2.84350000,197.72248980,0.02678700
2.85550000,198.99080334,0.02663605
2.86750000,195.73654936,0.02662286
2.87950000,191.58636162,0.02666264
2.89150000,189.47862692,0.02663542
2.90350000,189.26424890,0.02659587
2.91550000,190.58897633,0.02650778
2.92750000,194.31565793,0.02668175
2.93950000,196.78673008,0.02658871
2.95150000,200.12992005,0.02661272
2.96350000,210.96057229,0.02676587
2.97550000,215.99488820,0.02706244
2.98750000,218.91220820,0.02712819
2.99950000,217.78164178,0.02724122
3.01150000,220.39228418,0.02748427
3.02350000,218.79285271,0.02768383
3.03550000,214.63549338,0.02771058
3.04750000,216.61317704,0.02786785
3.05950000,210.87175301,0.02796095
3.07150000,209.63535372,0.02790499
3.08350000,210.40179027,0.02800376
3.09550000,210.33945651,0.02825471
3.10750000,212.26307812,0.02845600
3.11950000,215.73099388,0.02850535
3.13150000,215.39498382,0.02862008
3.14350000,217.79158302,0.02881110
3.15550000,216.83402357,0.02894211
3.16750000,215.84226547,0.02916266
3.17950000,215.06621364,0.02936700
3.19150000,211.39427782,0.02973819
3.20350000,204.99000239,0.03009305
3.21550000,199.12590383,0.03043271
3.22750000,186.19586205,0.03063455
3.23950000,184.31300718,0.03089056
3.25150000,179.01813255,0.03129836
3.26350000,181.92521203,0.03165767
3.27550000,180.34409388,0.03222644
3.28750000,180.05827933,0.03286795
3.29950000,181.71667426,0.03324390
3.31150000,180.56731567,0.03366871
3.32350000,178.91815559,0.03406683
3.33550000,179.62490708,0.03443262
3.34750000,175.71853763,0.03502712
3.35950000,170.80646222,0.03560312
3.37150000,166.86670236,0.03603464
3.38350000,160.91869035,0.03648535
3.39550000,155.30788459,0.03693392
3.40750000,150.79408411,0.03735060
3.41950000,149.90515762,0.03753036
3.43150000,150.10001127,0.03786712
3.44350000,151.20217021,0.03831746
3.45550000,150.57267267,0.03868638
3.46750000,151.81064081,0.03895849
3.47950000,150.66373094,0.03909501
3.49150000,150.27230352,0.03914412
3.50350000,150.14770933,0.03867757
3.51550000,150.01673896,0.03846340
3.52750000,149.94015895,0.03825128
3.53950000,147.70434509,0.03830458
3.55150000,148.36785357,0.03825816
3.56350000,150.37798374,0.03831509
3.57550000,149.76457812,0.03850428
3.58750000,151.16109068,0.03864577
3.59950000,149.98114834,0.03886445
3.61150000,150.41648123,0.03886958
3.62350000,145.62245493,0.03928885
3.63550000,143.19693127,0.03937907
3.64750000,142.50180208,0.03968953
3.65950000,138.79124656,0.03920007
3.67150000,137.34635630,0.03906337
3.68350000,133.91247916,0.03936004
3.69550000,134.80907285,0.03950771
3.70750000,132.63222703,0.03993890
3.71950000,130.32680813,0.04004409
3.73150000,129.09204882,0.04071843
3.74350000,129.81295930,0.04122794
3.75550000,129.27216380,0.04204024
3.76750000,126.98145487,0.04263278
3.77950000,124.61270356,0.04305292
3.79150000,119.80086134,0.04337882
3.80350000,116.12632504,0.04324718
3.81550000,113.88370115,0.04328482
3.82750000,112.17027555,0.04263387
3.83950000,111.66899836,0.04230601
3.85150000,111.85521599,0.04179862
3.86350000,109.53496353,0.04228816
3.87550000,108.63086296,0.04244130
3.88750000,107.61554246,0.04262473
3.89950000,106.79272367,0.04270539
3.91150000,105.56651155,0.04267333
3.92350000,107.53964206,0.04288279
3.93550000,110.13337345,0.04341046
3.94750000,110.88893959,0.04381536
3.95950000,110.58545547,0.04409424
3.97150000,110.05056211,0.04451095
3.98350000,107.15400784,0.04465266
3.99550000,107.08406914,0.04503369
4.00750000,104.14929793,0.04539498
4.01950000,102.54529442,0.04551474
4.03150000,100.29915333,0.04573661
4.04350000,100.10362698,0.04609983
4.05550000,95.53994683,0.04633407
4.06750000,92.66233027,0.04625505
4.07950000,88.70395245,0.04619885
4.09150000,84.90395174,0.04588935
4.10350000,82.71375936,0.04579160
4.11550000,82.38776756,0.04515719
4.12750000,80.93028016,0.04528803
4.13950000,78.15933593,0.04485873
4.15150000,73.82059117,0.04484760
4.16350000,70.84110564,0.04510013
4.17550000,68.51633363,0.04540076
4.18750000,65.62093427,0.04608826
4.19950000,63.68280112,0.04602781
4.21150000,62.89415332,0.04613225
4.22350000,62.11804283,0.04649371
4.23550000,63.19075997,0.04662837
4.24750000,61.42202456,0.04660822
4.25950000,62.93192107,0.04654341
4.27150000,61.16757334,0.04618771
4.28350000,62.23987807,0.04564531
4.29550000,61.75509123,0.04513821
4.30750000,62.38073475,0.04448493
4.31950000,60.50714863,0.04407195
4.33150000,61.21312103,0.04350736
4.34350000,62.11468538,0.04340106
4.35550000,63.56679477,0.04358130
4.36750000,63.43112572,0.04322302
4.37950000,63.25453322,0.04317189
4.39150000,61.51343854,0.04266690
4.40350000,60.17600044,0.04265708
4.41550000,60.80090716,0.04269182
4.42750000,61.49200410,0.04258317
4.43950000,62.17188413,0.04265148
4.45150000,61.24976148,0.04210852
4.46350000,60.32691578,0.04188833
4.47550000,60.33485973,0.04146222
4.48750000,59.10153880,0.04123255
4.49950000,58.15590558,0.04112038
4.51150000,61.03599715,0.04093542
4.52350000,63.82233141,0.04065438
4.53550000,66.49294689,0.04028202
4.54750000,68.09873941,0.03953685
4.55950000,68.54748775,0.03900893
4.57150000,69.11469832,0.03861010
4.58350000,67.60396150,0.03801727
4.59550000,69.12791236,0.03776389
4.60750000,70.05818210,0.03778085
4.61950000,69.91947402,0.03768723
4.63150000,68.79018056,0.03771970
4.64350000,68.38268251,0.03759448
4.65550000,67.96611436,0.03791526
4.66750000,67.91309040,0.03834861
4.67950000,66.91605356,0.03913925
4.69150000,65.76754984,0.03991627
4.70350000,66.98781213,0.04035860
4.71550000,67.72106229,0.04048832
4.72750000,68.59579465,0.04099579
4.73950000,68.56827150,0.04140491
4.75150000,67.18828583,0.04165567
4.76350000,67.60512196,0.04183554
4.77550000,66.51341278,0.04180836
4.78750000,65.57621318,0.04209736
4.79950000,64.18893820,0.04206035
4.81150000,62.57867691,0.04210441
4.82350000,61.43517813,0.04217573
4.83550000,61.42345991,0.04205339
4.84750000,61.91399971,0.04187891
4.85950000,61.47769673,0.04228218
4.87150000,61.93988095,0.04236889
4.88350000,62.09410424,0.04205759
4.89550000,63.68150404,0.04208120
4.90750000,64.43739829,0.04240358
4.91950000,63.55354464,0.04264682
4.93150000,64.61065902,0.04252715
4.94350000,64.13241705,0.04231625
4.95550000,65.57648495,0.04245077
4.96750000,64.65516285,0.04216722
4.97950000,65.07589811,0.04177733
4.99150000,65.14357638,0.04152150
5.00350000,65.14171477,0.04172518
5.01550000,65.92155967,0.04157994
5.02750000,66.63012834,0.04154318
5.03950000,66.82382341,0.04076105
5.05150000,66.15769937,0.04078100
5.06350000,65.81191591,0.04057812
5.07550000,64.16353507,0.04071594
5.08750000,61.45866090,0.04155377
5.09950000,58.61413572,0.04203563
5.11150000,57.55240474,0.04304133
5.12350000,53.83857024,0.04359409
5.13550000,50.59267961,0.04395092
5.14750000,48.63799206,0.04434252
5.15950000,45.46029292,0.04520092
5.17150000,45.48848972,0.04578407
5.18350000,44.56606671,0.04664472
5.19550000,45.13867303,0.04706410
5.20750000,43.93432787,0.04687265
5.21950000,45.26058540,0.04710551
5.23150000,43.42871863,0.04658189
5.24350000,42.40401926,0.04633278
5.25550000,40.22695545,0.04665753
5.26750000,39.02953398,0.04643116
5.27950000,35.45770576,0.04614984
5.29150000,36.75878810,0.04664178
5.30350000,35.95896090,0.04718190
5.31550000,35.12380794,0.04698901
5.32750000,35.58617198,0.04772133
5.33950000,35.68033390,0.04815617
5.35150000,35.62384433,0.04868597
5.36350000,35.94068471,0.04799095
5.37550000,36.39093272,0.04825509
5.38750000,35.53883949,0.04761499
5.39950000,35.51463676,0.04720193
5.41150000,36.05029606,0.04686613
5.42350000,34.18097858,0.04617595
5.43550000,34.29783825,0.04534633
5.44750000,33.34918805,0.04478893
5.45950000,32.66502944,0.04391383
5.47150000,32.17051539,0.04372377
5.48350000,34.81579583,0.04439333
5.49550000,36.07029438,0.04451359
5.50750000,37.68013245,0.04438147
5.51950000,39.46012246,0.04493030
5.53150000,41.38154737,0.04538733
5.54350000,41.18029432,0.04511049
5.55550000,42.15978892,0.04448587
5.56750000,41.98982438,0.04541177
5.57950000,41.57954856,0.04535487
5.59150000,40.10633344,0.04626750
5.60350000,38.26397864,0.04639524
5.61550000,36.86157702,0.04629391
5.62750000,34.74522034,0.04627964
5.63950000,32.45987571,0.04727161
5.65150000,31.07936422,0.04742062
5.66350000,29.09979336,0.04729167
5.67550000,28.10419890,0.04702133
5.68750000,26.84462488,0.04649817
5.69950000,27.26991929,0.04579946
5.71150000,27.28681032,0.04561561
5.72350000,26.65628033,0.04500148
5.73550000,26.17588149,0.04427873
5.74750000,25.71484811,0.04367326
5.75950000,24.06104188,0.04315068
5.77150000,24.32019153,0.04304028
5.78350000,23.71218588,0.04331751
5.79550000,22.64166393,0.04218253
5.80750000,24.22251228,0.04295928
5.81950000,24.53484157,0.04398383
5.83150000,24.81451628,0.04460473
5.84350000,25.39939303,0.04538375
5.85550000,25.44283394,0.04578777
5.86750000,25.34025248,0.04646774
5.87950000,26.73595938,0.04761569
5.89150000,26.89825677,0.04790237
5.90350000,26.78825019,0.04780607
5.91550000,26.66117108,0.04649267
5.92750000,26.19364813,0.04667488
5.93950000,25.39129048,0.04516221
5.95150000,24.23286463,0.04367711
5.96350000,23.33121158,0.04308449
5.97550000,23.21260707,0.04276548
5.98750000,22.76436264,0.04216814
5.99950000,22.76319795,0.04267771
6.01150000,22.72365680,0.04285420
6.02350000,22.28953501,0.04195632
6.03550000,23.36064030,0.04283497
6.04750000,23.61389208,0.04285174
6.05950000,24.07250945,0.04303981
6.07150000,24.41861581,0.04283272
6.08350000,23.19328035,0.04113600
6.09550000,22.11227086,0.04052361
6.10750000,22.10043264,0.04040487
6.11950000,21.67309650,0.04029961
6.13150000,21.00732868,0.03936173
6.14350000,20.35484786,0.03912258
6.15550000,19.77023068,0.03934666
6.16750000,19.10205211,0.03916134
6.17950000,18.19251777,0.03878266
6.19150000,16.48565378,0.03781883
6.20350000,16.31089049,0.03702131
6.21550000,15.91393601,0.03609296
6.22750000,16.14755792,0.03600224
6.23950000,15.73489454,0.03514755
6.25150000,16.05375908,0.03502312
6.26350000,15.84470845,0.03509293
6.27550000,15.92734849,0.03457695
6.28750000,16.51138873,0.03617643
6.29950000,16.98825029,0.03634219
6.31150000,17.14718056,0.03597009
6.32350000,17.29683377,0.03593099
6.33550000,18.19596577,0.03573980
6.34750000,18.01741947,0.03521741
6.35950000,17.69785918,0.03487064
6.37150000,16.98730837,0.03417241
6.38350000,16.36820130,0.03346137
6.39550000,16.82527234,0.03333208
6.40750000,17.12184903,0.03341259
6.41950000,16.56667396,0.03299023
6.43150000,16.49025220,0.03274944
6.44350000,16.42852829,0.03319485
6.45550000,15.82773036,0.03363516
6.46750000,16.77207274,0.03315776
6.47950000,16.24557630,0.03285839
6.49150000,17.29767058,0.03267008
6.50350000,17.73676969,0.03247210
6.51550000,18.77008117,0.03230316
6.52750000,19.33000593,0.03144644
6.53950000,20.70337464,0.03168207
6.55150000,20.65109271,0.03113989
6.56350000,21.11537959,0.03082311
6.57550000,21.82412337,0.03153278
6.58750000,22.13501540,0.03130092
6.59950000,21.53113095,0.03096546
6.61150000,20.72855286,0.03032459
6.62350000,19.53649595,0.03090176
6.63550000,18.14918818,0.03103774
6.64750000,17.04258443,0.03053290
6.65950000,17.42673793,0.03063530
6.67150000,17.16737417,0.03080188
6.68350000,17.36623776,0.03093854
6.69550000,16.96092671,0.03050147
6.70750000,17.67063149,0.03071581
6.71950000,17.09384169,0.03033612
6.73150000,17.86281668,0.03064289
6.74350000,18.15606459,0.03004458
6.75550000,19.41591930,0.03054308
6.76750000,19.70833857,0.03000105
6.77950000,20.37820959,0.02990903
6.79150000,20.74318263,0.03005611
6.80350000,20.44089456,0.03055572
6.81550000,21.14488384,0.03091853
6.82750000,21.63031635,0.03084120
6.83950000,22.07170970,0.03022791
6.85150000,22.81987739,0.03052466
6.86350000,22.34878120,0.03006782
6.87550000,21.79713181,0.02981050
6.88750000,21.02581911,0.03013255
6.89950000,20.66994522,0.03037660
6.91150000,20.00750962,0.03071092
6.92350000,20.76110262,0.03071762
6.93550000,21.26918410,0.03058806
6.94750000,21.23871024,0.03058385
6.95950000,21.41400116,0.03048143
6.97150000,21.61051742,0.03086403
6.98350000,21.28808528,0.03127274
6.99550000,22.10200754,0.03157852
7.00750000,23.67614667,0.03149486
7.01950000,24.28798296,0.03133941
7.03150000,24.38868586,0.03103173
7.04350000,24.57085633,0.03105405
7.05550000,23.90126207,0.03061624
7.06750000,23.73447027,0.03089344
7.07950000,23.78307608,0.03150552
7.09150000,24.18847668,0.03207815
7.10350000,24.27744279,0.03200311
7.11550000,23.82225912,0.03177820
7.12750000,23.67408089,0.03093012
7.13950000,23.60113716,0.03064174
7.15150000,23.16813537,0.03018488
7.16350000,23.21079760,0.02956462
7.17550000,23.52664843,0.02907209
7.18750000,23.47747994,0.02833343
7.19950000,22.97205317,0.02751239
7.21150000,22.54275806,0.02697150
7.22350000,21.34330184,0.02630275
7.23550000,20.52254171,0.02577663
7.24750000,19.18071744,0.02522060
7.25950000,18.40448302,0.02508641
7.27150000,17.44872897,0.02527255
7.28350000,17.27550646,0.02510631
7.29550000,16.77528065,0.02494253
7.30750000,15.95758630,0.02481758
7.31950000,16.22619489,0.02474992
7.33150000,17.82010093,0.02503521
7.34350000,18.16475753,0.02530672
7.35550000,18.19404199,0.02539519
7.36750000,17.83448517,0.02579575
7.37950000,17.65371477,0.02605265
7.39150000,17.46207238,0.02664537
7.40350000,17.05594958,0.02671426
7.41550000,16.35959519,0.02664398
7.42750000,15.94025623,0.02666997
7.43950000,15.54449576,0.02676296
7.45150000,14.60949813,0.02603728
7.46350000,15.35273444,0.02648280
7.47550000,14.96085760,0.02631735
7.48750000,14.90379334,0.02669970
7.49950000,14.99857925,0.02681711
7.51150000,15.69168564,0.02700306
7.52350000,15.62965104,0.02724245
7.53550000,15.81665694,0.02789191
7.54750000,16.18753334,0.02805271
7.55950000,16.80535916,0.02839880
7.57150000,17.67017381,0.02827177
7.58350000,18.54052198,0.02836780
7.59550000,19.14438473,0.02802140
7.60750000,20.40218252,0.02774389
7.61950000,21.75296427,0.02727559
7.63150000,21.85141641,0.02637539
7.64350000,22.33834772,0.02554155
7.65550000,22.68118843,0.02518060
7.66750000,22.56134233,0.02453824
7.67950000,23.21924077,0.02422478
7.69150000,23.28409365,0.02410072
7.70350000,24.28998976,0.02430236
7.71550000,25.07544637,0.02492097
7.72750000,24.93560467,0.02488543
7.73950000,25.07663564,0.02528113
7.75150000,24.05763310,0.02596545
7.76350000,22.80266888,0.02701993
7.77550000,21.30917996,0.02754680
7.78750000,19.29227160,0.02773947
7.79950000,16.79929073,0.02705820
7.81150000,13.52027852,0.02622486
7.82350000,10.93038855,0.02616492
7.83550000,8.45089876,0.02570096
7.84750000,6.75367738,0.02523051
7.85950000,5.64726082,0.02493630
7.87150000,5.85793220,0.02490124
7.88350000,5.72015134,0.02484458
7.89550000,7.48673063,0.02529404
7.90750000,8.77636533,0.02603742
7.91950000,9.69104296,0.02600987
7.93150000,10.30855607,0.02699228
7.94350000,10.52600718,0.02697981
7.95550000,10.74770678,0.02750503
7.96750000,11.45083141,0.02762959
7.97950000,12.10036232,0.02812001
7.99150000,12.31514336,0.02773962
8.00350000,12.24827309,0.02833115
8.01550000,11.92081388,0.02862096
8.02750000,11.24354927,0.02819560
8.03950000,10.45866813,0.02769068
8.05150000,9.79494222,0.02735011
8.06350000,9.62541986,0.02768331
8.07550000,9.16658505,0.02689728
8.08750000,9.13514494,0.02700376
8.09950000,9.02283804,0.02718495
8.11150000,8.55642981,0.02705976
8.12350000,7.95035739,0.02641187
8.13550000,7.79785608,0.02582048
8.14750000,8.07372369,0.02600403
8.15950000,8.49886690,0.02561277
8.17150000,8.97421989,0.02657538
8.18350000,9.85314954,0.02702819
8.19550000,10.05051944,0.02742394
8.20750000,10.45457674,0.02820772
8.21950000,10.32590940,0.02797674
8.23150000,10.25574305,0.02832302
8.24350000,10.02073614,0.02801723
8.25550000,9.39471905,0.02784206
8.26750000,8.65816362,0.02677247
8.27950000,8.65650985,0.02609769
8.29150000,8.41618049,0.02565185
8.30350000,8.38590696,0.02454948
8.31550000,7.56316801,0.02340800
8.32750000,7.29533849,0.02349743
8.33950000,6.71951354,0.02311125
8.35150000,6.59933138,0.02243547
8.36350000,6.08896863,0.02224646
8.37550000,6.82278054,0.02268005
8.38750000,7.14012088,0.02296822
8.39950000,7.52315448,0.02391778
8.41150000,7.59886568,0.02440033
8.42350000,7.58872396,0.02466517
8.43550000,7.18037037,0.02472598
8.44750000,6.90878610,0.02402540
8.45950000,7.14671935,0.02366665
8.47150000,7.39991743,0.02366073
8.48350000,7.55502154,0.02425275
8.49550000,7.29791195,0.02464318
8.50750000,7.07828627,0.02511719
8.51950000,7.26976070,0.02629492
8.53150000,7.21229090,0.02602367
8.54350000,7.17177624,0.02653645
8.55550000,7.16409053,0.02665086
8.56750000,7.65830856,0.02718713
8.57950000,7.79799212,0.02758275
8.59150000,8.00086922,0.02799619
8.60350000,7.95308222,0.02773367
8.61550000,7.78048811,0.02641584
8.62750000,7.79752542,0.02595194
8.63950000,8.25806763,0.02600287
8.65150000,8.56105368,0.02577325
8.66350000,8.53027513,0.02544137
8.67550000,8.09418511,0.02407087
8.68750000,8.05910235,0.02381414
8.69950000,7.65645208,0.02267955
8.71150000,7.22226962,0.02236985
8.72350000,7.20876611,0.02251838
8.73550000,6.77316838,0.02284275
8.74750000,6.59221816,0.02339880
8.75950000,6.46297424,0.02402105
8.77150000,6.81934414,0.02438927
8.78350000,6.83315753,0.02449417
8.79550000,6.82227078,0.02438596
8.80750000,7.31715534,0.02530860
8.81950000,7.50355913,0.02588919
8.83150000,8.47226339,0.02660575
8.84350000,9.08145888,0.02703731
8.85550000,9.29688533,0.02710685
8.86750000,9.57362433,0.02627228
8.87950000,9.80017341,0.02688010
8.89150000,9.78970310,0.02641335
8.90350000,10.53563325,0.02625332
8.91550000,11.38878967,0.02652378
8.92750000,11.73702822,0.02582224
8.93950000,12.70425167,0.02616687
8.95150000,13.01238433,0.02523286
8.96350000,12.96180274,0.02470020
8.97550000,13.40564143,0.02487570
8.98750000,13.24468081,0.02347351
8.99950000,13.33604397,0.02332581
9.01150000,13.08614586,0.02243724
9.02350000,13.06443781,0.02205542
9.03550000,13.15694902,0.02267592
9.04750000,13.37580313,0.02274881
9.05950000,13.72654995,0.02285541
9.07150000,14.18060357,0.02290025
9.08350000,14.97136123,0.02313599
9.09550000,15.83561375,0.02370151
9.10750000,17.02875694,0.02445809
9.11950000,17.76710894,0.02454221
9.13150000,17.98836060,0.02493233
9.14350000,17.47089119,0.02550902
9.15550000,16.08614300,0.02452249
9.16750000,15.90901617,0.02407809
9.17950000,15.13667478,0.02358770
9.19150000,14.11378770,0.02364513
9.20350000,12.96988448,0.02299364
9.21550000,11.87098693,0.02244528
9.22750000,11.44366837,0.02287857
9.23950000,11.36601215,0.02255095
9.25150000,10.11743294,0.02239350
9.26350000,10.43076086,0.02247891
9.27550000,10.63932945,0.02279205
9.28750000,10.99032372,0.02349263
9.29950000,11.58265340,0.02354375
9.31150000,12.27275125,0.02371677
9.32350000,12.46595170,0.02418069
9.33550000,12.65122036,0.02433052
9.34750000,12.87693288,0.02429647
9.35950000,14.94355608,0.02575804
9.37150000,16.43612166,0.02664582
9.38350000,17.95090902,0.02757998
9.39550000,18.77834279,0.02799922
9.40750000,18.65393459,0.02813711
9.41950000,17.80155029,0.02761993
9.43150000,16.76477355,0.02734339
9.44350000,14.62629279,0.02611029
9.45550000,13.67837960,0.02538612
9.46750000,12.58792685,0.02503280
9.47950000,11.20959445,0.02416258
9.49150000,10.04369255,0.02296973
9.50350000,8.86422135,0.02218087
9.51550000,7.28081544,0.02177407
9.52750000,5.93942409,0.02138817
9.53950000,5.68738689,0.02189044
9.55150000,5.83674958,0.02190076
9.56350000,5.96785723,0.02249715
9.57550000,5.94729494,0.02287181
9.58750000,5.38050813,0.02317357
9.59950000,4.96434425,0.02380186
9.61150000,4.52849962,0.02399178
9.62350000,4.43807729,0.02368066
9.63550000,4.40322261,0.02294708
9.64750000,5.16172605,0.02281583
9.65950000,5.84491080,0.02438684
9.67150000,5.90494179,0.02315252
9.68350000,6.12790600,0.02314627
9.69550000,5.83898163,0.02223057
9.70750000,5.36620276,0.02118431
9.71950000,5.07801624,0.02062426
9.73150000,4.51517121,0.01844876
9.74350000,4.07968034,0.01796305
9.75550000,3.71972911,0.01684988
9.76750000,3.08792077,0.01532443
9.77950000,2.92470501,0.01579546
9.79150000,2.76354455,0.01583939
9.80350000,2.54971823,0.01474657
9.81550000,2.44913211,0.01355765
9.82750000,2.71824446,0.01439787
9.83950000,3.08631944,0.01584436
9.85150000,3.43476785,0.01677021
9.86350000,3.35484821,0.01612769
9.87550000,3.26147352,0.01519548
9.88750000,3.06212904,0.01427435
9.89950000,2.85052534,0.01344873
9.91150000,2.22215490,0.01146494
9.92350000,1.99335443,0.00999023
9.93550000,2.02392018,0.00976513
9.94750000,2.00926297,0.00947646
9.95950000,2.13608987,0.00988051
9.97150000,2.13243265,0.01029670
9.98350000,2.24589083,0.01050387
9.99550000,2.59367976,0.01139312
10.00750000,3.03632159,0.01367549
10.01950000,3.40075902,0.01554846
10.03150000,3.55904860,0.01649025
10.04350000,3.42919923,0.01586391
10.05550000,3.32280911,0.01589013
10.06750000,3.09652300,0.01464436
10.07950000,2.91760836,0.01406543
10.09150000,2.71633497,0.01384934
10.10350000,2.30516240,0.01273920
10.11550000,2.46999824,0.01289630
10.12750000,2.44693491,0.01203928
10.13950000,2.38640293,0.01218849
10.15150000,2.13297671,0.01106493
10.16350000,1.98719985,0.01069132
10.17550000,2.13087014,0.01109901
10.18750000,2.15344371,0.01142571
10.19950000,2.04701621,0.01162762
10.21150000,1.95352152,0.01096949
10.22350000,1.71689278,0.01011267
10.23550000,1.60249162,0.00929649
10.24750000,1.70583061,0.00927678
10.25950000,1.64503763,0.00847961
10.27150000,1.72530650,0.00887746
10.28350000,1.70397172,0.00880649
10.29550000,1.95126968,0.00992506
10.30750000,2.02984120,0.00994346
10.31950000,2.00375281,0.00978420
10.33150000,2.08094404,0.01078883
10.34350000,1.90428655,0.00963726
10.35550000,2.05163969,0.01028899
10.36750000,2.02881351,0.01005017
10.37950000,1.72386509,0.00893971
10.39150000,1.73147533,0.00855448
10.40350000,1.98074476,0.00937672
10.41550000,2.20185680,0.01061401
10.42750000,2.38194908,0.01103836
10.43950000,2.52467601,0.01165904
10.45150000,2.36151826,0.01057530
10.46350000,2.17655850,0.01024825
10.47550000,2.15180287,0.01017248
10.48750000,2.25890716,0.01126724
10.49950000,2.14724343,0.01082225
10.51150000,2.11809524,0.01113416
10.52350000,1.98901640,0.01110026
10.53550000,1.82132962,0.00987684
10.54750000,1.74470268,0.00988156
10.55950000,1.43149728,0.00924157
10.57150000,1.47599086,0.00940635
10.58350000,1.83322846,0.01077864
10.59550000,1.91712542,0.01163448
10.60750000,1.99770613,0.01182749
10.61950000,2.03680526,0.01162914
10.63150000,1.84533237,0.00995649
10.64350000,1.77938502,0.00889281
10.65550000,1.69390219,0.00887103
10.66750000,1.88528744,0.00953398
10.67950000,2.09746092,0.00994805
10.69150000,2.24223625,0.01005039
10.70350000,2.38514643,0.01101084
10.71550000,2.41834502,0.01154715
10.72750000,2.21970969,0.01088082
10.73950000,2.07626020,0.01096934
10.75150000,2.00948372,0.01110245
10.76350000,2.06305073,0.01136751
10.77550000,2.01517827,0.01086821
10.78750000,1.98986955,0.01086448
10.79950000,2.06479981,0.01089755
10.81150000,2.01077995,0.01027712
10.82350000,1.89037956,0.00936516
10.83550000,2.21429593,0.01058360
10.84750000,2.19833595,0.01131181
10.85950000,2.50969429,0.01208611
10.87150000,2.60096837,0.01286612
10.88350000,2.93843018,0.01421090
10.89550000,3.08162208,0.01539916
10.90750000,3.14220527,0.01537429
10.91950000,3.51758835,0.01573335
10.93150000,4.03126761,0.01671511
10.94350000,4.37875743,0.01748611
10.95550000,4.56262600,0.01721962
10.96750000,4.59596738,0.01711146
10.97950000,4.31889625,0.01586903
10.99150000,4.21116079,0.01539739
11.00350000,3.91953785,0.01411691
11.01550000,3.60106494,0.01360494
11.02750000,3.27096856,0.01323547
11.03950000,2.85535821,0.01351622
11.05150000,2.46047675,0.01293966
11.06350000,2.19884083,0.01371027
11.07550000,2.16396503,0.01406537
11.08750000,1.80910034,0.01367291
11.09950000,1.80352425,0.01374907
11.11150000,2.09517690,0.01418022
11.12350000,2.06565220,0.01441793
11.13550000,1.96253915,0.01380722
11.14750000,1.86442918,0.01248824
11.15950000,1.75895598,0.01156621
11.17150000,1.68610305,0.01062549
11.18350000,1.67817601,0.01021143
11.19550000,1.65054568,0.00961060
11.20750000,1.69200886,0.00937229
11.21950000,1.60308062,0.00865287
11.23150000,1.58220023,0.00870286
11.24350000,1.44934167,0.00755994
11.25550000,1.48980311,0.00786342
11.26750000,1.37251793,0.00708294
11.27950000,1.29317175,0.00712907
11.29150000,1.25498522,0.00734540
11.30350000,1.23741106,0.00713789
11.31550000,1.24245379,0.00751559
11.32750000,1.32075432,0.00793241
11.33950000,1.40718151,0.00817321
11.35150000,1.57393198,0.00930082
11.36350000,1.63970490,0.00994675
11.37550000,1.65824306,0.01026996
11.38750000,1.56254200,0.00965613
11.39950000,1.45177445,0.00881409
11.41150000,1.15240831,0.00696963
11.42350000,1.00269768,0.00612083
11.43550000,0.93811364,0.00539773
11.44750000,0.80493272,0.00469132
11.45950000,0.66573007,0.00359078
11.47150000,0.67133959,0.00372850
11.48350000,0.66092918,0.00329518
11.49550000,0.67762288,0.00373803
11.50750000,0.82298995,0.00426960
11.51950000,1.03742917,0.00507720
11.53150000,1.15415259,0.00547754
11.54350000,1.42007971,0.00734857
11.55550000,1.61071787,0.00824359
11.56750000,1.69561515,0.00849210
11.57950000,1.63375683,0.00797500
11.59150000,1.64572133,0.00848455
11.60350000,1.63868122,0.00846163
11.61550000,1.62231428,0.00889107
11.62750000,1.60275840,0.00866049
11.63950000,1.44479172,0.00776652
11.65150000,1.28512574,0.00658343
11.66350000,1.21909338,0.00654441
11.67550000,1.06793396,0.00590169
11.68750000,0.96764406,0.00585779
11.69950000,1.04447942,0.00576388
11.71150000,1.02894303,0.00575456
11.72350000,1.04942206,0.00562050
11.73550000,1.12822630,0.00619133
11.74750000,1.15169455,0.00603919
11.75950000,1.15802354,0.00634684
11.77150000,1.10298421,0.00646854
11.78350000,1.14622090,0.00713071
11.79550000,1.14183675,0.00684801
11.80750000,0.97368712,0.00563533
11.81950000,0.93004288,0.00532630
11.83150000,0.84336373,0.00477491
11.84350000,0.76230331,0.00457527
11.85550000,0.68975820,0.00447599
11.86750000,0.56019290,0.00397209
11.87950000,0.48027313,0.00388272
11.89150000,0.40725866,0.00304233
11.90350000,0.35560465,0.00302430
11.91550000,0.44998698,0.00383955
11.92750000,0.51357936,0.00410829
11.93950000,0.74198031,0.00519490
11.95150000,0.90486079,0.00585447
11.96350000,0.97443181,0.00586648
11.97550000,0.99535065,0.00565247
11.98750000,1.06742110,0.00584872
11.99950000,1.08493121,0.00577310
12.01150000,1.17596189,0.00657069
12.02350000,1.18404678,0.00665039
12.03550000,1.09570480,0.00642522
12.04750000,1.08884069,0.00700819
12.05950000,1.23570067,0.00816428
12.07150000,1.27808876,0.00842636
12.08350000,1.33745230,0.00923806
12.09550000,1.26467699,0.00933534
12.10750000,1.31975659,0.00964176
12.11950000,1.23359477,0.00894838
12.13150000,1.19747974,0.00760932
12.14350000,1.17795897,0.00744934
12.15550000,1.08955638,0.00701827
12.16750000,1.02604975,0.00743032
12.17950000,0.98234260,0.00777673
12.19150000,0.84858466,0.00679032
12.20350000,0.74673686,0.00648794
12.21550000,0.61900469,0.00593575
12.22750000,0.61659759,0.00603492
12.23950000,0.75161214,0.00711298
12.25150000,0.92152101,0.00818493
12.26350000,0.92003558,0.00795415
12.27550000,0.90044216,0.00760167
12.28750000,0.81933665,0.00696648
12.29950000,0.70968685,0.00607076
12.31150000,0.58550827,0.00498207
12.32350000,0.51203834,0.00455533
12.33550000,0.61677536,0.00501816
12.34750000,0.35108705,0.00421072
12.35950000,0.56706516,0.00489259
12.37150000,0.80863142,0.00476328
12.38350000,0.95358864,0.00507191
12.39550000,1.22596998,0.00618430
12.40750000,1.45324052,0.00690230
12.41950000,1.71021716,0.00823292
12.43150000,1.79484253,0.00836750
12.44350000,1.94199701,0.00934801
12.45550000,1.93915719,0.00916856
12.46750000,1.83969590,0.00895788
12.47950000,1.65335442,0.00816592
12.49150000,1.41398344,0.00772224
12.50350000,1.13373761,0.00675819
12.51550000,0.83960104,0.00551617
12.52750000,0.59187012,0.00447105
12.53950000,0.42061318,0.00377441
12.55150000,0.35589860,0.00357782
12.56350000,0.42779471,0.00403287
12.57550000,0.66636987,0.00529113
12.58750000,1.10169242,0.00750419
12.59950000,1.76383073,0.01082361
