Cosmic Time [Gyr],SFR [Msun/yr],Metallicity
0.13150000,0.00000000,0.00000010
0.14350000,0.00000000,0.00000010
0.15550000,0.00000000,0.00000010
0.16750000,0.00000000,0.00000010
0.17950000,0.00000000,0.00000010
0.19150000,0.00000000,0.00000010
0.20350000,0.00000000,0.00000010
0.21550000,0.00000000,0.00000010
0.22750000,0.00000000,0.00000010
0.23950000,0.00000000,0.00000010
0.25150000,0.00000000,0.00000010
0.26350000,0.00000000,0.00000010
0.27550000,0.00000000,0.00000010
0.28750000,0.00000000,0.00000010
0.29950000,0.00000000,0.00000010
0.31150000,0.00000000,0.00000010
0.32350000,0.00000000,0.00000010
0.33550000,0.00000000,0.00000010
0.34750000,0.05199169,0.00000010
0.35950000,0.10173627,0.00000010
0.37150000,0.32647254,0.00000010
0.38350000,0.58314808,0.00001274
0.39550000,0.97788851,0.00012219
0.40750000,1.28618887,0.00023023
0.41950000,1.84092039,0.00034844
0.43150000,2.49086578,0.00046404
0.44350000,3.39210701,0.00060574
0.45550000,4.00432495,0.00072560
0.46750000,5.21750162,0.00083686
0.47950000,6.44555889,0.00092068
0.49150000,7.41049274,0.00101281
0.50350000,8.12121192,0.00108292
0.51550000,8.80183593,0.00115897
0.52750000,9.29637329,0.00121500
0.53950000,9.99650002,0.00129166
0.55150000,10.14429718,0.00134723
0.56350000,10.57922320,0.00136178
0.57550000,10.56835841,0.00142629
0.58750000,11.36603685,0.00147917
0.59950000,12.58033764,0.00156269
0.61150000,13.93280037,0.00163230
0.62350000,15.49001035,0.00168939
0.63550000,16.83399153,0.00182492
0.64750000,19.05541990,0.00194441
0.65950000,21.96497431,0.00207944
0.67150000,24.32469052,0.00219318
0.68350000,26.89741745,0.00242545
0.69550000,29.04947405,0.00270964
0.70750000,31.56368735,0.00302957
0.71950000,33.92769521,0.00334232
0.73150000,36.38965860,0.00364961
0.74350000,38.58334457,0.00399695
0.75550000,40.85393502,0.00432512
0.76750000,43.54627950,0.00467224
0.77950000,46.50985193,0.00506989
0.79150000,49.19135684,0.00536570
0.80350000,51.27320186,0.00564990
0.81550000,54.60981878,0.00587000
0.82750000,59.04802543,0.00599375
0.83950000,62.47522978,0.00619465
0.85150000,65.54261329,0.00640779
0.86350000,69.64695020,0.00645687
0.87550000,73.11197062,0.00659964
0.88750000,74.70467329,0.00665560
0.89950000,77.65222805,0.00671133
0.91150000,80.69887385,0.00680969
0.92350000,79.88459419,0.00699052
0.93550000,83.18435209,0.00719283
0.94750000,86.55253315,0.00739369
0.95950000,90.46439933,0.00760407
0.97150000,94.12867604,0.00783580
0.98350000,99.87232040,0.00799133
0.99550000,115.44685367,0.00818730
1.00750000,141.05703190,0.00852837
1.01950000,170.64384055,0.00921036
1.03150000,199.83813128,0.01017363
1.04350000,230.67251370,0.01171894
1.05550000,259.07228512,0.01323807
1.06750000,278.70643261,0.01466418
1.07950000,292.92291505,0.01584216
1.09150000,299.69011198,0.01685216
1.10350000,298.22117614,0.01773656
1.11550000,290.33826437,0.01824283
1.12750000,280.68397915,0.01850529
1.13950000,264.33893742,0.01842874
1.15150000,242.85250499,0.01805930
1.16350000,218.35027311,0.01746533
1.17550000,202.52386463,0.01659492
1.18750000,194.69342124,0.01584855
1.19950000,196.06217070,0.01525758
1.21150000,199.63070720,0.01505704
1.22350000,201.98218212,0.01516443
1.23550000,213.89923697,0.01579641
1.24750000,222.26440907,0.01623372
1.25950000,229.93461293,0.01661689
1.27150000,236.43672271,0.01713663
1.28350000,240.46277320,0.01770977
1.29550000,246.67610033,0.01827911
1.30750000,252.55843768,0.01878832
1.31950000,254.69675727,0.01929918
1.33150000,259.18697886,0.01967365
1.34350000,256.68041690,0.02001397
1.35550000,255.06474219,0.02003515
1.36750000,251.92088504,0.01992378
1.37950000,250.73627002,0.01979631
1.39150000,253.94701467,0.01955452
1.40350000,257.25398787,0.01935598
1.41550000,259.84079602,0.01926976
1.42750000,273.77216001,0.01939337
1.43950000,278.94545874,0.01955741
1.45150000,286.18974821,0.01973329
1.46350000,291.17507381,0.02018493
1.47550000,295.76869857,0.02040977
1.48750000,296.95592470,0.02095590
1.49950000,294.07897589,0.02146041
1.51150000,286.11132313,0.02206429
1.52350000,279.75445088,0.02256157
1.53550000,264.87341564,0.02301405
1.54750000,245.06708412,0.02353193
1.55950000,230.44472721,0.02389238
1.57150000,216.51805664,0.02404184
1.58350000,200.57668823,0.02420330
1.59550000,188.76691098,0.02418421
1.60750000,177.89112960,0.02416636
1.61950000,168.90162553,0.02407841
1.63150000,165.01569731,0.02396253
1.64350000,159.84335626,0.02366928
1.65550000,157.59206002,0.02322153
1.66750000,152.86722124,0.02263443
1.67950000,145.49900091,0.02224374
1.69150000,142.82744714,0.02170016
1.70350000,143.19814333,0.02094232
1.71550000,145.01412032,0.02029282
1.72750000,144.63288266,0.02009726
1.73950000,147.73455115,0.01984534
1.75150000,151.52440016,0.01941350
1.76350000,153.71431169,0.01927630
1.77550000,156.33915048,0.01914098
1.78750000,156.67837845,0.01907411
1.79950000,158.53230370,0.01905667
1.81150000,157.88915624,0.01916211
1.82350000,158.36315958,0.01942424
1.83550000,159.02816746,0.01930626
1.84750000,158.05096880,0.01929374
1.85950000,156.24978110,0.01942752
1.87150000,161.14785036,0.01956903
1.88350000,168.68551869,0.01945040
1.89550000,172.67890089,0.01924418
1.90750000,179.91556257,0.01940825
1.91950000,184.97746965,0.01937584
1.93150000,192.38519950,0.01943481
1.94350000,195.91636067,0.01960243
1.95550000,198.94534699,0.01961183
1.96750000,205.06222582,0.01942321
1.97950000,203.94333305,0.01944256
1.99150000,206.23664602,0.01938012
2.00350000,206.25516876,0.01931192
2.01550000,201.15016675,0.01948794
2.02750000,197.88001729,0.01964437
2.03950000,185.97693014,0.02001160
2.05150000,182.76447438,0.02028928
2.06350000,183.61836560,0.02072189
2.07550000,180.65245360,0.02085363
2.08750000,178.05696028,0.02096975
2.09950000,172.33476421,0.02136144
2.11150000,173.72765031,0.02146904
2.12350000,173.89869733,0.02182501
2.13550000,173.08652741,0.02168624
2.14750000,177.58522662,0.02167861
2.15950000,185.94306800,0.02178364
2.17150000,190.52561661,0.02176147
2.18350000,194.00685162,0.02155147
2.19550000,198.78033981,0.02155692
2.20750000,197.77688191,0.02168035
2.21950000,199.72331874,0.02173176
2.23150000,205.56913742,0.02178109
2.24350000,213.25150643,0.02182039
2.25550000,218.90877070,0.02177527
2.26750000,218.63249808,0.02169409
2.27950000,224.18817567,0.02154188
2.29150000,226.65264111,0.02156244
2.30350000,234.29320683,0.02139893
2.31550000,234.87294955,0.02140126
2.32750000,236.76786896,0.02138988
2.33950000,241.72720589,0.02157206
2.35150000,243.94111269,0.02181695
2.36350000,247.16657347,0.02180502
2.37550000,248.61087247,0.02206822
2.38750000,253.57262587,0.02242651
2.39950000,255.77369805,0.02279342
2.41150000,262.20885408,0.02313346
2.42350000,263.32348228,0.02386640
2.43550000,264.47474225,0.02442179
2.44750000,264.90216421,0.02467346
2.45950000,262.62186076,0.02507887
2.47150000,269.16165652,0.02544253
2.48350000,265.97136133,0.02584945
2.49550000,272.01530328,0.02602064
2.50750000,270.48724826,0.02619075
2.51950000,273.11865558,0.02654847
2.53150000,275.51890085,0.02673364
2.54350000,271.71212394,0.02696151
2.55550000,269.10216884,0.02723647
2.56750000,263.86150663,0.02756559
2.57950000,265.73798245,0.02779318
2.59150000,265.61332625,0.02804959
2.60350000,263.28037142,0.02828174
2.61550000,261.01776482,0.02839814
2.62750000,262.04906508,0.02859502
2.63950000,262.97312096,0.02883472
2.65150000,265.79112780,0.02901959
2.66350000,268.66251945,0.02927193
2.67550000,271.72806783,0.02951743
2.68750000,276.56257273,0.02966124
2.69950000,274.31740720,0.02999119
2.71150000,270.87259426,0.03034536
2.72350000,268.39386921,0.03050985
2.73550000,269.52007407,0.03069547
2.74750000,278.99503961,0.03089357
2.75950000,283.90545927,0.03117595
2.77150000,300.16890995,0.03168890
2.78350000,308.27417681,0.03186164
2.79550000,317.75680041,0.03245970
2.80750000,324.00631259,0.03311282
2.81950000,326.51183755,0.03388027
2.83150000,323.28820570,0.03443440
2.84350000,316.10262038,0.03506131
2.85550000,307.04976550,0.03559443
2.86750000,289.98804015,0.03595109
2.87950000,269.06124495,0.03641078
2.89150000,251.35793790,0.03676494
2.90350000,231.42828997,0.03690088
2.91550000,220.15606646,0.03686181
2.92750000,211.88051644,0.03662513
2.93950000,207.67824851,0.03630302
2.95150000,202.58143554,0.03591693
2.96350000,206.16023855,0.03567186
2.97550000,204.00855073,0.03518866
2.98750000,201.87709941,0.03487683
2.99950000,196.15117780,0.03438973
3.01150000,194.17464751,0.03411308
3.02350000,189.52138138,0.03365498
3.03550000,183.62833488,0.03361288
3.04750000,180.68401306,0.03341156
3.05950000,170.39506825,0.03339123
3.07150000,165.38625323,0.03328581
3.08350000,163.04970023,0.03324721
3.09550000,156.11217762,0.03322649
3.10750000,154.22440656,0.03306665
3.11950000,151.99801902,0.03304148
3.13150000,146.36389070,0.03287618
3.14350000,143.41649645,0.03277713
3.15550000,140.20940090,0.03246190
3.16750000,138.48753295,0.03204845
3.17950000,139.66967112,0.03191779
3.19150000,139.63885991,0.03184493
3.20350000,140.32835291,0.03188493
3.21550000,142.60443795,0.03178006
3.22750000,138.80960113,0.03182424
3.23950000,145.68000313,0.03156746
3.25150000,149.63846052,0.03147853
3.26350000,158.33354315,0.03137919
3.27550000,163.89998193,0.03140902
3.28750000,168.54397149,0.03152077
3.29950000,171.74069937,0.03171830
3.31150000,171.52901675,0.03205790
3.32350000,166.78158893,0.03228326
3.33550000,163.61050051,0.03221895
3.34750000,157.74166401,0.03244363
3.35950000,152.68195011,0.03265523
3.37150000,148.16180238,0.03289200
3.38350000,141.28628640,0.03295463
3.39550000,134.91326803,0.03315548
3.40750000,130.37543317,0.03313231
3.41950000,128.97553175,0.03325165
3.43150000,127.41876674,0.03322146
3.44350000,125.04587924,0.03328441
3.45550000,125.39626398,0.03326977
3.46750000,127.61909272,0.03303778
3.47950000,129.78739526,0.03290588
3.49150000,133.75583136,0.03282216
3.50350000,137.03964479,0.03261016
3.51550000,140.69704030,0.03250805
3.52750000,145.78779650,0.03218638
3.53950000,150.21056083,0.03229160
3.55150000,157.28283218,0.03220994
3.56350000,164.11741115,0.03217085
3.57550000,168.23839540,0.03214116
3.58750000,174.27569524,0.03222052
3.59950000,177.17266900,0.03239403
3.61150000,176.03883404,0.03274256
3.62350000,171.79132994,0.03293242
3.63550000,170.79206040,0.03290289
3.64750000,170.32412585,0.03277763
3.65950000,165.96198164,0.03268052
3.67150000,165.58203330,0.03248449
3.68350000,159.71855594,0.03244702
3.69550000,157.75497665,0.03236549
3.70750000,157.08163914,0.03246097
3.71950000,155.13023058,0.03255071
3.73150000,151.63771912,0.03260317
3.74350000,150.40145149,0.03274983
3.75550000,148.76282732,0.03280109
3.76750000,145.12851309,0.03295430
3.77950000,143.35001874,0.03329390
3.79150000,134.96295443,0.03347410
3.80350000,130.97248460,0.03354555
3.81550000,128.59074669,0.03360320
3.82750000,124.93352425,0.03350242
3.83950000,122.57366216,0.03366741
3.85150000,120.05220787,0.03376375
3.86350000,117.77220484,0.03392571
3.87550000,115.36666726,0.03405611
3.88750000,113.25063282,0.03419458
3.89950000,114.85495013,0.03431338
3.91150000,112.36208460,0.03442683
3.92350000,112.33142364,0.03447602
3.93550000,114.47484861,0.03482359
3.94750000,114.92317704,0.03500531
3.95950000,116.11807829,0.03530272
3.97150000,113.70000157,0.03555662
3.98350000,108.26651086,0.03563985
3.99550000,107.15445634,0.03566377
4.00750000,101.32209612,0.03586612
4.01950000,99.08715431,0.03593529
4.03150000,98.53490536,0.03591547
4.04350000,97.33966179,0.03569484
4.05550000,93.76030855,0.03587931
4.06750000,91.44457514,0.03619863
4.07950000,89.25906382,0.03653135
4.09150000,85.44660128,0.03687648
4.10350000,82.56459030,0.03749024
4.11550000,81.91152744,0.03800091
4.12750000,80.29279146,0.03831648
4.13950000,78.51161150,0.03874833
4.15150000,74.36891042,0.03870025
4.16350000,71.65879241,0.03879945
4.17550000,67.62113042,0.03852196
4.18750000,63.53291191,0.03845708
4.19950000,61.34545838,0.03818382
4.21150000,62.23265272,0.03774383
4.22350000,61.30209532,0.03724616
4.23550000,60.67771653,0.03708165
4.24750000,61.62267779,0.03725599
4.25950000,64.46055907,0.03745926
4.27150000,66.55232173,0.03759171
4.28350000,68.63114307,0.03799406
4.29550000,70.22496035,0.03813096
4.30750000,72.64093447,0.03802807
4.31950000,72.99885615,0.03790172
4.33150000,74.36396468,0.03828308
4.34350000,74.81111989,0.03800327
4.35550000,75.22320409,0.03797086
4.36750000,72.23110780,0.03777930
4.37950000,71.10187677,0.03829106
4.39150000,67.92254405,0.03826450
4.40350000,64.04064911,0.03814326
4.41550000,59.73395256,0.03813707
4.42750000,56.26392735,0.03828714
4.43950000,53.66846052,0.03841841
4.45150000,50.49997916,0.03827733
4.46350000,47.81442849,0.03867089
4.47550000,45.53709579,0.03881486
4.48750000,43.85826326,0.03838828
4.49950000,42.20207594,0.03806538
4.51150000,40.70220531,0.03819952
4.52350000,39.64768861,0.03839357
4.53550000,39.36653190,0.03864172
4.54750000,38.71988492,0.03917173
4.55950000,37.56433760,0.03966924
4.57150000,35.78711871,0.04031581
4.58350000,33.77932285,0.04085125
4.59550000,32.21318983,0.04135941
4.60750000,29.96824683,0.04202799
4.61950000,27.72835637,0.04144562
4.63150000,24.96276514,0.04101965
4.64350000,24.31934712,0.04124267
4.65550000,23.51466552,0.04069057
4.66750000,22.72135473,0.04003592
4.67950000,21.68315697,0.03943853
4.69150000,20.28943449,0.03850302
4.70350000,20.46863288,0.03773250
4.71550000,20.94195598,0.03748082
4.72750000,20.91380949,0.03806130
4.73950000,21.20733253,0.03813201
4.75150000,20.69574425,0.03822239
4.76350000,21.56241006,0.03896728
4.77550000,22.44683389,0.03881714
4.78750000,22.78571169,0.03876691
4.79950000,23.00592506,0.03810543
4.81150000,24.08586794,0.03793398
4.82350000,24.80458944,0.03848323
4.83550000,25.66248524,0.03923267
4.84750000,26.39793500,0.03899645
4.85950000,26.70393773,0.03905172
4.87150000,25.84195456,0.03933190
4.88350000,25.48405143,0.03885967
4.89550000,25.32557727,0.03859859
4.90750000,24.56937645,0.03768481
4.91950000,22.69720447,0.03587619
4.93150000,21.95995251,0.03439535
4.94350000,20.46821880,0.03324440
4.95550000,19.07745275,0.03169819
4.96750000,16.96454874,0.02995247
4.97950000,16.75142454,0.02892073
4.99150000,16.42187891,0.02772211
5.00350000,15.71289157,0.02720495
5.01550000,15.85493361,0.02747262
5.02750000,16.05931589,0.02705337
5.03950000,16.71691871,0.02700582
5.05150000,16.31476141,0.02674809
5.06350000,16.25210478,0.02710493
5.07550000,16.77127819,0.02686767
5.08750000,16.77623908,0.02670931
5.09950000,16.44643954,0.02608669
5.11150000,16.70383964,0.02557003
5.12350000,16.46903527,0.02618956
5.13550000,16.68531264,0.02725086
5.14750000,17.02438981,0.02803904
5.15950000,16.78037256,0.02793187
5.17150000,17.23146388,0.02809299
5.18350000,16.84683321,0.02777962
5.19550000,17.19808200,0.02864883
5.20750000,16.96548794,0.02885576
5.21950000,17.12639634,0.02843005
5.23150000,16.09175253,0.02725494
5.24350000,16.07309255,0.02695334
5.25550000,15.70397903,0.02652384
5.26750000,15.61891869,0.02670476
5.27950000,14.97746923,0.02620319
5.29150000,15.35264023,0.02583240
5.30350000,16.12272854,0.02601913
5.31550000,17.25300205,0.02694373
5.32750000,18.98328701,0.02800172
5.33950000,19.98650826,0.02816789
5.35150000,20.06786911,0.02755273
5.36350000,20.38742927,0.02725268
5.37550000,20.97398815,0.02766358
5.38750000,20.65075675,0.02802508
5.39950000,20.60107656,0.02765090
5.41150000,21.08153559,0.02705503
5.42350000,20.86811563,0.02696017
5.43550000,20.55067203,0.02705275
5.44750000,20.65247121,0.02732252
5.45950000,21.00652446,0.02736775
5.47150000,21.60139055,0.02706907
5.48350000,24.17161647,0.02738020
5.49550000,26.50784789,0.02812609
5.50750000,27.80969730,0.02859188
5.51950000,28.46868989,0.02904090
5.53150000,29.21944243,0.02864411
5.54350000,28.65724527,0.02812635
5.55550000,29.31158683,0.02831952
5.56750000,29.10894062,0.02846957
5.57950000,27.99603355,0.02829673
5.59150000,27.55218441,0.02817036
5.60350000,27.12768566,0.02819727
5.61550000,27.76080423,0.02810293
5.62750000,26.85377329,0.02783457
5.63950000,27.29105617,0.02809044
5.65150000,28.62200401,0.02773148
5.66350000,30.95980491,0.02798165
5.67550000,32.82836197,0.02811624
5.68750000,34.86007428,0.02826748
5.69950000,36.00512157,0.02827809
5.71150000,36.84527851,0.02814982
5.72350000,37.40995795,0.02753981
5.73550000,37.14490110,0.02682530
5.74750000,36.36794729,0.02636586
5.75950000,34.37309202,0.02583181
5.77150000,33.49703240,0.02536097
5.78350000,32.14408291,0.02484232
5.79550000,32.34917347,0.02436022
5.80750000,32.40962746,0.02381070
5.81950000,31.23426573,0.02352669
5.83150000,32.99984244,0.02336461
5.84350000,35.89082440,0.02321596
5.85550000,40.08012712,0.02354070
5.86750000,43.74672817,0.02373778
5.87950000,47.40901797,0.02387513
5.89150000,49.78302860,0.02400241
5.90350000,50.81161915,0.02398413
5.91550000,50.74471079,0.02389120
5.92750000,49.13329180,0.02391510
5.93950000,47.40262708,0.02413423
5.95150000,46.41394616,0.02385773
5.96350000,43.35012221,0.02404967
5.97550000,40.70813349,0.02382362
5.98750000,37.70684771,0.02391241
5.99950000,35.31527549,0.02380690
6.01150000,34.27481070,0.02397812
6.02350000,34.86595437,0.02383993
6.03550000,37.17897208,0.02402984
6.04750000,39.43068976,0.02427798
6.05950000,40.56013089,0.02410990
6.07150000,40.96222811,0.02415925
6.08350000,40.08255583,0.02421905
6.09550000,39.34969966,0.02428717
6.10750000,40.51688480,0.02503154
6.11950000,40.98886921,0.02550943
6.13150000,40.56518083,0.02611655
6.14350000,39.22152986,0.02619751
6.15550000,35.05496345,0.02642524
6.16750000,32.43747365,0.02640027
6.17950000,29.55826345,0.02638296
6.19150000,27.17323519,0.02641445
6.20350000,26.18012753,0.02629518
6.21550000,25.87148390,0.02610142
6.22750000,26.44409858,0.02585345
6.23950000,25.58191253,0.02533067
6.25150000,25.07102514,0.02474134
6.26350000,24.21909379,0.02459166
6.27550000,24.81157836,0.02466843
6.28750000,27.25445449,0.02515866
6.29950000,28.96443955,0.02575731
6.31150000,28.22655965,0.02531049
6.32350000,26.94987929,0.02483774
6.33550000,25.07116726,0.02338456
6.34750000,22.49916069,0.02212408
6.35950000,20.66128557,0.02113937
6.37150000,18.77907387,0.02019000
6.38350000,17.77511897,0.01924980
6.39550000,17.49782053,0.01840084
6.40750000,17.66739726,0.01752953
6.41950000,17.84829703,0.01683174
6.43150000,17.92006655,0.01615577
6.44350000,18.58996923,0.01603697
6.45550000,18.65257689,0.01649397
6.46750000,22.03522705,0.01706669
6.47950000,23.81738624,0.01756537
6.49150000,25.11174634,0.01781421
6.50350000,26.39943259,0.01777358
6.51550000,28.18466141,0.01786101
6.52750000,29.39143732,0.01788701
6.53950000,32.17994924,0.01812294
6.55150000,33.21957649,0.01820645
6.56350000,34.62941082,0.01828771
6.57550000,35.63324106,0.01845813
6.58750000,38.75953026,0.01867225
6.59950000,40.86097521,0.01894071
6.61150000,42.14879194,0.01914133
6.62350000,42.26837904,0.01944436
6.63550000,41.27815730,0.01994470
6.64750000,41.37272268,0.02051405
6.65950000,43.37577963,0.02102363
6.67150000,44.28289246,0.02143006
6.68350000,45.45796489,0.02183801
6.69550000,47.31943832,0.02225715
6.70750000,49.35583054,0.02261253
6.71950000,51.10536914,0.02307713
6.73150000,54.49685457,0.02349645
6.74350000,56.56015219,0.02379629
6.75550000,58.69158105,0.02424721
6.76750000,59.80682355,0.02459888
6.77950000,62.37365316,0.02496716
6.79150000,61.87948978,0.02541159
6.80350000,60.06312038,0.02596053
6.81550000,58.94102662,0.02648994
6.82750000,57.62512359,0.02718888
6.83950000,56.69823712,0.02765904
6.85150000,54.71466121,0.02807848
6.86350000,51.16092204,0.02861108
6.87550000,47.93990383,0.02895309
6.88750000,44.34951020,0.02942411
6.89950000,40.59395370,0.02986067
6.91150000,37.99783259,0.03055250
6.92350000,36.06990938,0.03113792
6.93550000,32.22002993,0.03087330
6.94750000,27.27433665,0.02998198
6.95950000,23.59028534,0.02829150
6.97150000,19.99597260,0.02632665
6.98350000,15.53304459,0.02391010
6.99550000,13.06683038,0.02178850
7.00750000,11.73772711,0.01934906
7.01950000,10.07092568,0.01769964
7.03150000,8.33599446,0.01590286
7.04350000,7.05864333,0.01444812
7.05550000,5.84182540,0.01333187
7.06750000,5.63824074,0.01289443
7.07950000,5.43073461,0.01261676
7.09150000,6.48454870,0.01283751
7.10350000,7.49829732,0.01395339
7.11550000,7.77496913,0.01446462
7.12750000,8.77322607,0.01491288
7.13950000,9.62195609,0.01507446
7.15150000,9.74813327,0.01515163
7.16350000,9.86895761,0.01544905
7.17550000,9.72842510,0.01577592
7.18750000,9.81757437,0.01605133
7.19950000,9.75721250,0.01639341
7.21150000,9.80713906,0.01703385
7.22350000,9.41715533,0.01709327
7.23550000,9.05948922,0.01720264
7.24750000,8.70726054,0.01723892
7.25950000,8.39767336,0.01719898
7.27150000,8.59233164,0.01680783
7.28350000,8.97049373,0.01614454
7.29550000,9.34944770,0.01623737
7.30750000,9.76057257,0.01597857
7.31950000,10.20253092,0.01573108
7.33150000,10.49838652,0.01563322
7.34350000,9.98080856,0.01565240
7.35550000,9.79990083,0.01532332
7.36750000,8.73328207,0.01491907
7.37950000,8.87875770,0.01465116
7.39150000,8.77287232,0.01475471
7.40350000,8.67600229,0.01469805
7.41550000,8.87461529,0.01517282
7.42750000,8.87263324,0.01453382
7.43950000,9.14051970,0.01515978
7.45150000,9.16309276,0.01538670
7.46350000,9.71878162,0.01575175
7.47550000,9.38996487,0.01566765
7.48750000,9.32262669,0.01625314
7.49950000,9.17432679,0.01626178
7.51150000,9.14363825,0.01686420
7.52350000,8.87849076,0.01635364
7.53550000,8.54619292,0.01619824
7.54750000,8.56645895,0.01581953
7.55950000,8.32446280,0.01540781
7.57150000,8.99484415,0.01537751
7.58350000,9.02096873,0.01512271
7.59550000,8.93034487,0.01508560
7.60750000,9.21581964,0.01484188
7.61950000,8.96903887,0.01480972
7.63150000,8.82419578,0.01529623
7.64350000,8.34614835,0.01534773
7.65550000,8.40217373,0.01571336
7.66750000,7.99529186,0.01592278
7.67950000,8.13605539,0.01647807
7.69150000,8.70319202,0.01676133
7.70350000,8.87725651,0.01690942
7.71550000,9.35147909,0.01679111
7.72750000,9.20506000,0.01716252
7.73950000,9.60738349,0.01743956
7.75150000,9.67122397,0.01779375
7.76350000,9.47623869,0.01832470
7.77550000,9.20469269,0.01863265
7.78750000,9.16904846,0.01895861
7.79950000,9.40094595,0.01910984
7.81150000,9.20918582,0.01912528
7.82350000,9.52021869,0.01972209
7.83550000,9.98513727,0.01998201
7.84750000,10.81965133,0.02021405
7.85950000,11.35357718,0.02019946
7.87150000,12.00202408,0.02044506
7.88350000,13.19404731,0.02031697
7.89550000,14.08396495,0.02033487
7.90750000,15.18708301,0.02063229
7.91950000,16.06774275,0.02065778
7.93150000,17.17249026,0.02074253
7.94350000,17.30676713,0.02110475
7.95550000,17.84479963,0.02126254
7.96750000,18.23447004,0.02129568
7.97950000,18.95360799,0.02155607
7.99150000,19.51742191,0.02168368
8.00350000,19.95638041,0.02210626
8.01550000,20.20038509,0.02244292
8.02750000,20.71818520,0.02230234
8.03950000,20.71950251,0.02256212
8.05150000,19.74382184,0.02272773
8.06350000,20.15121915,0.02316581
8.07550000,21.02584688,0.02344676
8.08750000,20.69292409,0.02378063
8.09950000,21.40214393,0.02409491
8.11150000,22.23335225,0.02459036
8.12350000,22.76685021,0.02512723
8.13550000,22.70059297,0.02564592
8.14750000,23.15574942,0.02591355
8.15950000,23.63012699,0.02656087
8.17150000,24.25326807,0.02724867
8.18350000,24.79174291,0.02773923
8.19550000,24.73138894,0.02832379
8.20750000,24.89812248,0.02859602
8.21950000,24.93379055,0.02881770
8.23150000,24.14075700,0.02898764
8.24350000,24.94191047,0.02910778
8.25550000,25.59341863,0.02938712
8.26750000,25.84731350,0.02949661
8.27950000,25.39426577,0.02986186
8.29150000,25.73335786,0.03035312
8.30350000,25.40070622,0.03064317
8.31550000,24.39114457,0.03090889
8.32750000,23.30925355,0.03121946
8.33950000,22.25797006,0.03197543
8.35150000,21.86324699,0.03297984
8.36350000,21.47146000,0.03420871
8.37550000,20.59673531,0.03462691
8.38750000,19.27834132,0.03460215
8.39950000,18.17754503,0.03444351
8.41150000,16.45573846,0.03372452
8.42350000,14.84174688,0.03250617
8.43550000,13.36120295,0.03037872
8.44750000,11.42977224,0.02845872
8.45950000,9.90444149,0.02696963
8.47150000,7.85137616,0.02498193
8.48350000,6.44515420,0.02398419
8.49550000,4.91651874,0.02273000
8.50750000,4.04193252,0.02164664
8.51950000,3.44502064,0.02027447
8.53150000,3.09880596,0.01957065
8.54350000,3.75122126,0.01929919
8.55550000,3.97397894,0.01850654
8.56750000,3.92169905,0.01715393
8.57950000,3.71247064,0.01604446
8.59150000,3.56041449,0.01531624
8.60350000,3.04957623,0.01349562
8.61550000,2.80376703,0.01284238
8.62750000,2.43877355,0.01205089
8.63950000,2.30436569,0.01179100
8.65150000,2.46524651,0.01241369
8.66350000,2.42025586,0.01270548
8.67550000,2.48755029,0.01351354
8.68750000,2.55489519,0.01396359
8.69950000,2.52290932,0.01343747
8.71150000,2.54906160,0.01258438
8.72350000,2.61588086,0.01244738
8.73550000,2.79062217,0.01306233
8.74750000,3.02225804,0.01355591
8.75950000,3.14686846,0.01338938
8.77150000,3.44748111,0.01311486
8.78350000,3.66646846,0.01317676
8.79550000,3.84029542,0.01317554
8.80750000,4.13132297,0.01400309
8.81950000,4.33842589,0.01434349
8.83150000,4.67543978,0.01574666
8.84350000,4.82624076,0.01620641
8.85550000,5.01224339,0.01700115
8.86750000,5.22634590,0.01731897
8.87950000,5.68519749,0.01788844
8.89150000,5.66777949,0.01780433
8.90350000,5.85369553,0.01843424
8.91550000,5.85903038,0.01889053
8.92750000,6.21377947,0.02049384
8.93950000,7.09417527,0.02145737
8.95150000,7.24038459,0.02094941
8.96350000,7.57475651,0.02154598
8.97550000,8.15383359,0.02227294
8.98750000,8.72379849,0.02256067
8.99950000,9.07537818,0.02322531
9.01150000,8.97015512,0.02334005
9.02350000,9.09200932,0.02393676
9.03550000,9.43002122,0.02361630
9.04750000,9.39796460,0.02351468
9.05950000,9.21516580,0.02312989
9.07150000,9.73791051,0.02330860
9.08350000,9.80733216,0.02281883
9.09550000,9.55941522,0.02220724
9.10750000,9.83095784,0.02188068
9.11950000,10.22409261,0.02175194
9.13150000,10.71279669,0.02187227
9.14350000,10.23926632,0.02175411
9.15550000,10.30070831,0.02219985
9.16750000,10.63499270,0.02269327
9.17950000,10.83710751,0.02258724
9.19150000,11.04238483,0.02289147
9.20350000,10.82380260,0.02317783
9.21550000,10.93433508,0.02335830
9.22750000,11.90636651,0.02332402
9.23950000,12.59194132,0.02364741
9.25150000,12.88601060,0.02404170
9.26350000,14.18681224,0.02437612
9.27550000,14.84204268,0.02500651
9.28750000,15.39066150,0.02585458
9.29950000,16.35709011,0.02659854
9.31150000,16.76376451,0.02709659
9.32350000,16.43870543,0.02796850
9.33550000,16.23056874,0.02795585
9.34750000,15.82291843,0.02818089
9.35950000,16.59680337,0.02865730
9.37150000,16.51498744,0.02886887
9.38350000,16.80002124,0.02892842
9.39550000,16.93742568,0.02881874
9.40750000,17.35273745,0.02866800
9.41950000,18.50899592,0.02846244
9.43150000,19.54111902,0.02834043
9.44350000,20.24512827,0.02837478
9.45550000,21.14164836,0.02872464
9.46750000,22.46095780,0.02920977
9.47950000,23.93833837,0.02990441
9.49150000,25.05317260,0.03037289
9.50350000,25.56625413,0.03079032
9.51550000,25.02238446,0.03103156
9.52750000,25.20332690,0.03151264
9.53950000,25.43050231,0.03193174
9.55150000,25.19365898,0.03263402
9.56350000,24.96848232,0.03293274
9.57550000,24.25666068,0.03336291
9.58750000,23.45234051,0.03390102
9.59950000,23.02429186,0.03418941
9.61150000,22.58204037,0.03448754
9.62350000,22.22934240,0.03475152
9.63550000,21.64005614,0.03497889
9.64750000,21.02259920,0.03516830
9.65950000,21.22535744,0.03554317
9.67150000,21.07562700,0.03611590
9.68350000,20.31541749,0.03618381
9.69550000,20.09473535,0.03619231
9.70750000,19.71187911,0.03626918
9.71950000,20.12522364,0.03674984
9.73150000,20.44945285,0.03711216
9.74350000,20.40820931,0.03742110
9.75550000,19.72366268,0.03789234
9.76750000,18.99198602,0.03881401
9.77950000,19.70192778,0.03945090
9.79150000,19.81485933,0.04003945
9.80350000,20.01953776,0.04068096
9.81550000,20.53047503,0.04149031
9.82750000,20.81192673,0.04197587
9.83950000,20.43018508,0.04250010
9.85150000,20.40741785,0.04317218
9.86350000,19.23547943,0.04367074
9.87550000,18.68207007,0.04425628
9.88750000,18.58065835,0.04452509
9.89950000,18.39451074,0.04455700
9.91150000,18.09632405,0.04430261
9.92350000,17.93617471,0.04428598
9.93550000,18.22704497,0.04458579
9.94750000,17.53731129,0.04467090
9.95950000,18.69433114,0.04509189
9.97150000,20.36530032,0.04525358
9.98350000,21.36997522,0.04573692
9.99550000,21.96119673,0.04541820
10.00750000,21.98415240,0.04344480
10.01950000,20.71752124,0.04149980
10.03150000,18.93644821,0.03940660
10.04350000,16.48625569,0.03711179
10.05550000,14.10638386,0.03390972
10.06750000,11.85998705,0.03140893
10.07950000,9.62979468,0.02900309
10.09150000,7.71405928,0.02581812
10.10350000,6.09998971,0.02435087
10.11550000,5.36104232,0.02351615
10.12750000,4.79797323,0.02238360
10.13950000,4.59271544,0.02208226
10.15150000,5.16606047,0.02192476
10.16350000,5.81739550,0.02292412
10.17550000,6.33758985,0.02468041
10.18750000,6.39331361,0.02442210
10.19950000,6.16381841,0.02373707
10.21150000,6.02216668,0.02451352
10.22350000,5.52883425,0.02343090
10.23550000,5.27860825,0.02283145
10.24750000,5.25076396,0.02301560
10.25950000,4.97249860,0.02339325
10.27150000,4.89777895,0.02274529
10.28350000,4.52407418,0.02188983
10.29550000,4.77706242,0.02231257
10.30750000,4.81893898,0.02145882
10.31950000,4.71550935,0.02011917
10.33150000,4.45619729,0.01939446
10.34350000,3.98528468,0.01823557
10.35550000,4.13561815,0.01888361
10.36750000,4.39924192,0.01908242
10.37950000,4.18072294,0.01804775
10.39150000,4.03464736,0.01779047
10.40350000,3.61653490,0.01589937
10.41550000,3.14310646,0.01408750
10.42750000,3.01370699,0.01441008
10.43950000,2.90316054,0.01428764
10.45150000,2.51004681,0.01304751
10.46350000,2.19332920,0.01262792
10.47550000,2.15056934,0.01162835
10.48750000,2.33818801,0.01246440
10.49950000,2.43381898,0.01297100
10.51150000,2.47055429,0.01274745
10.52350000,2.47326636,0.01356911
10.53550000,2.45165520,0.01390831
10.54750000,3.34386116,0.01546992
10.55950000,3.89211890,0.01643946
10.57150000,4.27519703,0.01757644
10.58350000,4.52085216,0.01796419
10.59550000,4.50022504,0.01742038
10.60750000,4.40120414,0.01742230
10.61950000,4.56488283,0.01778531
10.63150000,4.24966402,0.01699527
10.64350000,3.79001072,0.01554212
10.65550000,3.48467096,0.01447201
10.66750000,3.23379387,0.01376142
10.67950000,3.09209194,0.01417120
10.69150000,3.10412855,0.01325886
10.70350000,3.23735158,0.01331227
10.71550000,3.60332240,0.01382948
10.72750000,3.96387853,0.01435921
10.73950000,4.38497991,0.01516602
10.75150000,4.94486832,0.01631505
10.76350000,5.18025425,0.01726480
10.77550000,5.64514748,0.01845493
10.78750000,5.91103514,0.01880293
10.79950000,6.09042917,0.01941707
10.81150000,6.07028592,0.01932971
10.82350000,5.81000680,0.01853105
10.83550000,5.65550787,0.01801600
10.84750000,5.31411715,0.01714237
10.85950000,5.08610012,0.01683775
10.87150000,5.02917884,0.01611285
10.88350000,5.31712225,0.01519335
10.89550000,5.42097427,0.01574524
10.90750000,5.70696107,0.01595140
10.91950000,5.46556245,0.01536755
10.93150000,5.19086001,0.01481769
10.94350000,5.01432021,0.01429894
10.95550000,4.91891070,0.01463204
10.96750000,4.85242274,0.01565383
10.97950000,4.64253369,0.01633770
10.99150000,4.71962588,0.01653774
11.00350000,4.59079146,0.01673218
11.01550000,4.60407098,0.01789394
11.02750000,4.58258057,0.01823706
11.03950000,4.50868874,0.01809990
11.05150000,4.45389339,0.01861465
11.06350000,4.89934654,0.01953343
11.07550000,5.07887341,0.02007853
11.08750000,5.28237207,0.02078430
11.09950000,5.40603270,0.02084878
11.11150000,5.22046715,0.02025015
11.12350000,4.95446158,0.01936130
11.13550000,5.07777625,0.01975742
11.14750000,4.92859143,0.01988357
11.15950000,5.08079309,0.02016114
11.17150000,5.23944889,0.02032289
11.18350000,6.07589558,0.02057449
11.19550000,6.63404283,0.02125007
11.20750000,7.38314547,0.02171909
11.21950000,8.00824088,0.02187754
11.23150000,8.29744348,0.02264391
11.24350000,9.24034777,0.02344952
11.25550000,10.33391369,0.02478974
11.26750000,11.21242801,0.02533306
11.27950000,11.94799439,0.02564910
11.29150000,12.38133869,0.02577825
11.30350000,13.02171526,0.02623833
11.31550000,13.40754880,0.02668589
11.32750000,13.47543943,0.02692098
11.33950000,13.44315092,0.02679944
11.35150000,13.24954771,0.02681024
11.36350000,12.27432010,0.02604130
11.37550000,11.96524326,0.02588613
11.38750000,11.00094383,0.02548130
11.39950000,9.59779916,0.02496419
11.41150000,8.55785084,0.02476535
11.42350000,7.93043854,0.02482790
11.43550000,7.78450397,0.02517602
11.44750000,7.16130440,0.02582652
11.45950000,6.81287735,0.02544476
11.47150000,6.05134927,0.02449230
11.48350000,5.57656035,0.02335739
11.49550000,5.34472012,0.02186410
11.50750000,5.02348216,0.02037649
11.51950000,4.75697615,0.01949417
11.53150000,4.32974584,0.01777526
11.54350000,3.58030656,0.01581845
11.55550000,2.92268362,0.01422762
11.56750000,2.69920657,0.01378736
11.57950000,2.42729379,0.01328264
11.59150000,2.56934620,0.01320542
11.60350000,3.23484915,0.01428279
11.61550000,3.96730284,0.01547644
11.62750000,4.55357659,0.01682472
11.63950000,4.88834168,0.01840607
11.65150000,5.09065854,0.01937269
11.66350000,5.03182947,0.01914937
11.67550000,4.98738892,0.01870010
11.68750000,4.72983714,0.01758965
11.69950000,4.74611501,0.01819790
11.71150000,4.32481554,0.01822986
11.72350000,4.02085291,0.01742821
11.73550000,3.42739209,0.01627647
11.74750000,3.37870794,0.01546334
11.75950000,3.41397198,0.01544544
11.77150000,3.86465058,0.01662773
11.78350000,4.36352493,0.01703671
11.79550000,4.40571946,0.01738699
11.80750000,4.60601927,0.01832994
11.81950000,4.60491692,0.01889746
11.83150000,4.55389620,0.02020326
11.84350000,4.65152762,0.02103318
11.85550000,4.39743857,0.02082168
11.86750000,4.12825871,0.02021046
11.87950000,3.91852724,0.01924097
11.89150000,3.70504884,0.01992080
11.90350000,3.69966629,0.02015841
11.91550000,3.67290070,0.01994102
11.92750000,3.76236603,0.01916612
11.93950000,3.84767075,0.01943492
11.95150000,3.75325008,0.02008016
11.96350000,4.32706361,0.02141632
11.97550000,4.42019700,0.02141010
11.98750000,4.48442986,0.02189558
11.99950000,4.52024136,0.02244122
12.01150000,4.57409577,0.02317261
12.02350000,4.95570620,0.02444506
12.03550000,4.88421572,0.02412800
12.04750000,4.72642835,0.02295000
12.05950000,4.78627604,0.02215032
12.07150000,4.83814294,0.02181660
12.08350000,5.29636703,0.02262709
12.09550000,5.78544266,0.02283757
12.10750000,6.02090753,0.02250957
12.11950000,6.18095968,0.02278802
12.13150000,6.20058064,0.02332844
12.14350000,6.33517693,0.02412689
12.15550000,6.70974677,0.02454962
12.16750000,6.96804077,0.02527358
12.17950000,7.17282622,0.02567231
12.19150000,7.35070359,0.02640954
12.20350000,7.48423104,0.02690841
12.21550000,7.79900678,0.02699193
12.22750000,7.99337725,0.02736763
12.23950000,7.91020284,0.02676898
12.25150000,7.87058964,0.02683387
12.26350000,7.95298529,0.02650474
12.27550000,8.17713014,0.02663916
12.28750000,8.59886323,0.02691146
12.29950000,7.85258205,0.02663464
12.31150000,8.14186070,0.02661530
12.32350000,7.80322551,0.02734610
12.33550000,7.55446541,0.02765078
12.34750000,7.66889012,0.02813487
12.35950000,7.79978016,0.02947249
12.37150000,7.76220857,0.02975196
12.38350000,7.94737833,0.03083544
12.39550000,8.24379894,0.03106125
12.40750000,8.44950478,0.03135158
12.41950000,8.86151865,0.03207115
12.43150000,9.01568060,0.03216805
12.44350000,9.35151649,0.03201500
12.45550000,9.79758440,0.03153310
12.46750000,10.49411267,0.03101100
12.47950000,11.11667671,0.03179282
12.49150000,10.97872277,0.03099921
12.50350000,11.31149680,0.02997357
12.51550000,11.11913870,0.02937739
12.52750000,10.64520709,0.02856927
12.53950000,9.85298847,0.02749800
12.55150000,8.70576931,0.02611240
12.56350000,7.16683611,0.02436126
12.57550000,5.19947535,0.02219338
12.58750000,2.76697352,0.01955757
12.59950000,0.00000000,0.01640263
