Cosmic Time [Gyr],SFR [Msun/yr],Metallicity
0.13150000,0.00000000,0.00000010
0.14350000,0.00000000,0.00000010
0.15550000,0.01371315,0.00000216
0.16750000,0.02248922,0.00000390
0.17950000,0.02206546,0.00000410
0.19150000,0.01500561,0.00000314
0.20350000,0.00387344,0.00000141
0.21550000,0.00000000,0.00000010
0.22750000,0.00000000,0.00000010
0.23950000,0.00000000,0.00000010
0.25150000,0.00325514,0.00000010
0.26350000,0.00000000,0.00000010
0.27550000,0.00000000,0.00000010
0.28750000,0.00000000,0.00000296
0.29950000,0.00194956,0.00003844
0.31150000,0.08902485,0.00007641
0.32350000,0.21820422,0.00012533
0.33550000,0.44782405,0.00019331
0.34750000,0.79174821,0.00027557
0.35950000,0.98636816,0.00034098
0.37150000,1.12830193,0.00039957
0.38350000,1.42390641,0.00042640
0.39550000,1.78488598,0.00044291
0.40750000,1.90766026,0.00044276
0.41950000,2.34390910,0.00043842
0.43150000,2.81898467,0.00043089
0.44350000,3.17355957,0.00044107
0.45550000,3.23321011,0.00042617
0.46750000,3.56792569,0.00045383
0.47950000,4.11290837,0.00044562
0.49150000,4.56655413,0.00049900
0.50350000,5.18443161,0.00052296
0.51550000,5.86177709,0.00060592
0.52750000,6.04193024,0.00063915
0.53950000,6.65123764,0.00067473
0.55150000,6.77942772,0.00069620
0.56350000,7.09076755,0.00071886
0.57550000,7.45716711,0.00070323
0.58750000,8.21359785,0.00069565
0.59950000,8.96194362,0.00073185
0.61150000,9.78847525,0.00077254
0.62350000,10.07484618,0.00084312
0.63550000,10.31256414,0.00088749
0.64750000,10.70433482,0.00090197
0.65950000,11.42652609,0.00093586
0.67150000,11.90796313,0.00100054
0.68350000,12.55557518,0.00108070
0.69550000,13.42882129,0.00116753
0.70750000,14.17962825,0.00123659
0.71950000,14.84443662,0.00135236
0.73150000,16.08266311,0.00155446
0.74350000,17.20319650,0.00172382
0.75550000,17.82564471,0.00187477
0.76750000,18.76391041,0.00199424
0.77950000,19.85707354,0.00211279
0.79150000,20.62455165,0.00224012
0.80350000,21.18603836,0.00233323
0.81550000,21.97623591,0.00240916
0.82750000,24.83276942,0.00242646
0.83950000,27.14484326,0.00246828
0.85150000,29.92566192,0.00257784
0.86350000,33.54114255,0.00272397
0.87550000,38.38274115,0.00289276
0.88750000,42.01521843,0.00317529
0.89950000,47.59350613,0.00357276
0.91150000,53.55723914,0.00406288
0.92350000,56.72686729,0.00466578
0.93550000,63.20262703,0.00515735
0.94750000,68.27905201,0.00567470
0.95950000,74.52622122,0.00617523
0.97150000,81.57748273,0.00668793
0.98350000,89.70056677,0.00714873
0.99550000,99.28184599,0.00759524
1.00750000,111.26560893,0.00808397
1.01950000,121.55119209,0.00855441
1.03150000,130.81296566,0.00904596
1.04350000,138.24311150,0.00962645
1.05550000,147.02138809,0.01021527
1.06750000,153.87067817,0.01083206
1.07950000,160.19487699,0.01147072
1.09150000,165.68730601,0.01200675
1.10350000,167.61354214,0.01253349
1.11550000,169.63382506,0.01288226
1.12750000,174.15852127,0.01310070
1.13950000,177.35439116,0.01328671
1.15150000,180.47943177,0.01346416
1.16350000,181.08428303,0.01353320
1.17550000,185.96951181,0.01359173
1.18750000,188.98465512,0.01374172
1.19950000,195.63560512,0.01388305
1.21150000,199.76810763,0.01404369
1.22350000,199.90793939,0.01435401
1.23550000,204.40141831,0.01486205
1.24750000,207.90944912,0.01536010
1.25950000,211.37530443,0.01592005
1.27150000,215.12708766,0.01641659
1.28350000,216.51822249,0.01693353
1.29550000,217.90876999,0.01742020
1.30750000,221.73736830,0.01782073
1.31950000,224.32918753,0.01823204
1.33150000,228.91012351,0.01868278
1.34350000,227.30516551,0.01905897
1.35550000,228.42995523,0.01940199
1.36750000,227.99359620,0.01979749
1.37950000,229.25097977,0.02023957
1.39150000,231.33406194,0.02062918
1.40350000,231.12970071,0.02079773
1.41550000,226.01437179,0.02098434
1.42750000,229.73384255,0.02120650
1.43950000,225.72556061,0.02131902
1.45150000,223.86589762,0.02129869
1.46350000,221.85101006,0.02130961
1.47550000,220.66750592,0.02118482
1.48750000,219.33864898,0.02099631
1.49950000,218.69344727,0.02068669
1.51150000,216.45609182,0.02050354
1.52350000,218.50911617,0.02027385
1.53550000,216.65330832,0.02015730
1.54750000,212.08288435,0.02024828
1.55950000,215.42870089,0.02043743
1.57150000,219.66843475,0.02064991
1.58350000,218.71220289,0.02075367
1.59550000,220.47815744,0.02085738
1.60750000,218.62289400,0.02112699
1.61950000,216.40950400,0.02133920
1.63150000,215.74383817,0.02146704
1.64350000,213.82225819,0.02159358
1.65550000,211.86412582,0.02154338
1.66750000,208.05743772,0.02127390
1.67950000,198.14279504,0.02103751
1.69150000,195.81981963,0.02069261
1.70350000,195.33608858,0.02041518
1.71550000,196.25654894,0.01999672
1.72750000,193.29775414,0.01986788
1.73950000,194.27818794,0.01978031
1.75150000,198.56242565,0.01966845
1.76350000,197.95144313,0.01965748
1.77550000,199.50849043,0.01977714
1.78750000,199.84657322,0.01987499
1.79950000,201.37671990,0.02001875
1.81150000,199.68358540,0.02021723
1.82350000,198.60748759,0.02045377
1.83550000,200.26432353,0.02062132
1.84750000,197.08144673,0.02070746
1.85950000,194.55009749,0.02081365
1.87150000,197.75065030,0.02103538
1.88350000,205.30274458,0.02125745
1.89550000,208.60448049,0.02147641
1.90750000,212.50292899,0.02166098
1.91950000,214.30998410,0.02181009
1.93150000,218.57755340,0.02196089
1.94350000,215.76905656,0.02199047
1.95550000,212.61447539,0.02196226
1.96750000,214.94245816,0.02202415
1.97950000,209.87580210,0.02184788
1.99150000,210.07552654,0.02168704
2.00350000,207.98057137,0.02141517
2.01550000,201.74740949,0.02135573
2.02750000,197.43480953,0.02127141
2.03950000,186.76258702,0.02110742
2.05150000,186.68481478,0.02103943
2.06350000,189.89171354,0.02102757
2.07550000,187.34692892,0.02106686
2.08750000,186.96450125,0.02114063
2.09950000,184.30514991,0.02113430
2.11150000,184.90013962,0.02113009
2.12350000,183.64233615,0.02133333
2.13550000,181.02587374,0.02133607
2.14750000,182.66977893,0.02140433
2.15950000,186.23222805,0.02155135
2.17150000,185.46712867,0.02154171
2.18350000,188.86241705,0.02154582
2.19550000,186.81133087,0.02145185
2.20750000,185.10674719,0.02166679
2.21950000,183.05683896,0.02169864
2.23150000,184.95241254,0.02184964
2.24350000,188.32408922,0.02196905
2.25550000,188.23698734,0.02212578
2.26750000,185.38503224,0.02232911
2.27950000,188.55868654,0.02259104
2.29150000,190.41377200,0.02266873
2.30350000,192.84118324,0.02298935
2.31550000,191.00480284,0.02325825
2.32750000,188.68574766,0.02333425
2.33950000,189.43505558,0.02347530
2.35150000,187.13690562,0.02372317
2.36350000,184.69243171,0.02376036
2.37550000,179.40552189,0.02375300
2.38750000,174.98789200,0.02354077
2.39950000,170.51215887,0.02327359
2.41150000,165.82156235,0.02295004
2.42350000,160.00587492,0.02274243
2.43550000,153.90086433,0.02264206
2.44750000,145.81412448,0.02258977
2.45950000,137.62833072,0.02238914
2.47150000,133.93276210,0.02220958
2.48350000,125.46083624,0.02224975
2.49550000,120.32806080,0.02233342
2.50750000,115.08889157,0.02236416
2.51950000,113.04289762,0.02251802
2.53150000,111.94466350,0.02269319
2.54350000,107.90103322,0.02297280
2.55550000,103.93454063,0.02290356
2.56750000,98.58839952,0.02281613
2.57950000,98.32166123,0.02260720
2.59150000,97.36155987,0.02249190
2.60350000,98.94585760,0.02236137
2.61550000,101.66165859,0.02201104
2.62750000,105.20001014,0.02218160
2.63950000,105.10135547,0.02193018
2.65150000,106.41302841,0.02195915
2.66350000,108.25341626,0.02205440
2.67550000,108.82350606,0.02210756
2.68750000,110.27859165,0.02205542
2.69950000,109.46745459,0.02204710
2.71150000,107.87082986,0.02201253
2.72350000,106.22555909,0.02197603
2.73550000,104.15637611,0.02156464
2.74750000,102.38907706,0.02131996
2.75950000,100.03745908,0.02112304
2.77150000,100.86078117,0.02085429
2.78350000,100.99781042,0.02052744
2.79550000,104.83297832,0.02024664
2.80750000,106.33125350,0.02003352
2.81950000,106.26818624,0.02016815
2.83150000,104.41532355,0.01997385
2.84350000,104.57230171,0.02021642
2.85550000,105.05746201,0.02035751
2.86750000,101.91220756,0.02022786
2.87950000,99.35197133,0.02045645
2.89150000,97.84460056,0.02072753
2.90350000,96.25014912,0.02106110
2.91550000,95.30823795,0.02122174
2.92750000,95.17490433,0.02128553
2.93950000,95.37753978,0.02150760
2.95150000,94.97022819,0.02169720
2.96350000,96.09209304,0.02192120
2.97550000,95.93904196,0.02243986
2.98750000,94.76913792,0.02271111
2.99950000,93.17159602,0.02303110
3.01150000,93.96609144,0.02327768
3.02350000,96.29350243,0.02335204
3.03550000,98.81848939,0.02354697
3.04750000,103.22821357,0.02379484
3.05950000,106.09803059,0.02373798
3.07150000,112.75689997,0.02400642
3.08350000,117.69037933,0.02404233
3.09550000,122.27871125,0.02422085
3.10750000,125.15041940,0.02407919
3.11950000,125.21430876,0.02396019
3.13150000,121.66121655,0.02368319
3.14350000,117.52985249,0.02357913
3.15550000,113.42526923,0.02309784
3.16750000,108.14004912,0.02280975
3.17950000,103.09764809,0.02238637
3.19150000,97.21706134,0.02211837
3.20350000,91.53767447,0.02172861
3.21550000,86.17780700,0.02163719
3.22750000,78.74734499,0.02174928
3.23950000,77.36539858,0.02191966
3.25150000,76.65531081,0.02246332
3.26350000,79.25410379,0.02304726
3.27550000,79.24936633,0.02382598
3.28750000,79.08474112,0.02432813
3.29950000,77.17003972,0.02471890
3.31150000,75.14211250,0.02499258
3.32350000,73.28940617,0.02482783
3.33550000,74.02193416,0.02481588
3.34750000,74.55329951,0.02472643
3.35950000,74.59940701,0.02457312
3.37150000,74.24234107,0.02409146
3.38350000,72.34496575,0.02400332
3.39550000,72.42157792,0.02342575
3.40750000,75.03693410,0.02320966
3.41950000,79.41960067,0.02253664
3.43150000,85.17191149,0.02255606
3.44350000,90.93358118,0.02282002
3.45550000,96.09566987,0.02289362
3.46750000,99.46579952,0.02289479
3.47950000,99.52709691,0.02252774
3.49150000,98.36426920,0.02289460
3.50350000,96.55071401,0.02314175
3.51550000,92.42077099,0.02341167
3.52750000,87.69073147,0.02368588
3.53950000,80.64690627,0.02381378
3.55150000,75.32705123,0.02404371
3.56350000,69.17438441,0.02407282
3.57550000,62.36239432,0.02432984
3.58750000,60.18832367,0.02394749
3.59950000,58.16440673,0.02341873
3.61150000,55.91914379,0.02272896
3.62350000,54.51004344,0.02264607
3.63550000,55.57954147,0.02267720
3.64750000,56.66972836,0.02235637
3.65950000,55.62749987,0.02220372
3.67150000,54.32672601,0.02244350
3.68350000,51.18318880,0.02262357
3.69550000,50.76348569,0.02296332
3.70750000,50.48232320,0.02296134
3.71950000,49.75083522,0.02275471
3.73150000,50.54879291,0.02284286
3.74350000,52.33314640,0.02275802
3.75550000,52.75115150,0.02279610
3.76750000,53.05852507,0.02262029
3.77950000,54.51293036,0.02237460
3.79150000,54.34635035,0.02184174
3.80350000,54.80093533,0.02162573
3.81550000,56.27068208,0.02150085
3.82750000,57.10322948,0.02161213
3.83950000,56.21962129,0.02161517
3.85150000,54.51562322,0.02163096
3.86350000,51.07187071,0.02217583
3.87550000,48.65701826,0.02257027
3.88750000,45.75810417,0.02304137
3.89950000,43.81581181,0.02324716
3.91150000,40.67150687,0.02353501
3.92350000,40.48493915,0.02373542
3.93550000,39.81247234,0.02396782
3.94750000,40.57783429,0.02394061
3.95950000,41.31550103,0.02365020
3.97150000,41.06487093,0.02357462
3.98350000,40.02672644,0.02345701
3.99550000,40.24261727,0.02351629
4.00750000,39.42490676,0.02313229
4.01950000,39.71703680,0.02336906
4.03150000,40.69926498,0.02321341
4.04350000,41.56437368,0.02348668
4.05550000,41.23086759,0.02393898
4.06750000,40.50381153,0.02404350
4.07950000,40.31621090,0.02425282
4.09150000,40.77012159,0.02419637
4.10350000,41.77805171,0.02417932
4.11550000,44.07628921,0.02409066
4.12750000,44.37836775,0.02373632
4.13950000,45.32656788,0.02326010
4.15150000,44.57639809,0.02283459
4.16350000,44.60818204,0.02301822
4.17550000,44.05982010,0.02295302
4.18750000,43.55081769,0.02272939
4.19950000,43.01910435,0.02249930
4.21150000,42.82694367,0.02282862
4.22350000,42.78400724,0.02296420
4.23550000,42.79096990,0.02357748
4.24750000,42.68919104,0.02356465
4.25950000,42.39481961,0.02384331
4.27150000,42.53074785,0.02368243
4.28350000,43.50778333,0.02349767
4.29550000,43.02042882,0.02323392
4.30750000,44.08237080,0.02324646
4.31950000,43.51752138,0.02280848
4.33150000,45.23272089,0.02274769
4.34350000,46.84498992,0.02316982
4.35550000,47.37600601,0.02313359
4.36750000,46.10345802,0.02313156
4.37950000,44.99651538,0.02386709
4.39150000,42.09078166,0.02432618
4.40350000,40.43293016,0.02501479
4.41550000,39.43332983,0.02547355
4.42750000,37.69072705,0.02598196
4.43950000,36.49371045,0.02632084
4.45150000,35.76490199,0.02637123
4.46350000,35.18661431,0.02633238
4.47550000,35.59682690,0.02623260
4.48750000,36.20496302,0.02584850
4.49950000,37.16847245,0.02549861
4.51150000,40.87690491,0.02530462
4.52350000,43.48865435,0.02505871
4.53550000,47.24264304,0.02504955
4.54750000,49.93016021,0.02478830
4.55950000,50.98319809,0.02465840
4.57150000,52.56365942,0.02469164
4.58350000,53.04924506,0.02439260
4.59550000,55.14651485,0.02440022
4.60750000,56.53924194,0.02409618
4.61950000,57.80279126,0.02401929
4.63150000,57.67097036,0.02391498
4.64350000,58.48858179,0.02398619
4.65550000,58.59827777,0.02382656
4.66750000,58.85569435,0.02360010
4.67950000,59.08314589,0.02384016
4.69150000,57.29812976,0.02376195
4.70350000,58.65614962,0.02398281
4.71550000,60.86829353,0.02427429
4.72750000,61.51502215,0.02468635
4.73950000,62.57724469,0.02476815
4.75150000,61.20522395,0.02481497
4.76350000,63.07507412,0.02504158
4.77550000,63.76902179,0.02520904
4.78750000,63.78653491,0.02514102
4.79950000,63.72980378,0.02501659
4.81150000,62.08989046,0.02457906
4.82350000,58.95650130,0.02436924
4.83550000,58.32399733,0.02419507
4.84750000,58.54269105,0.02365590
4.85950000,56.96707976,0.02338117
4.87150000,55.75736873,0.02326750
4.88350000,56.29197864,0.02308143
4.89550000,58.51400917,0.02337422
4.90750000,60.46722551,0.02357357
4.91950000,60.80408007,0.02346796
4.93150000,65.44914141,0.02336638
4.94350000,67.62803006,0.02364075
4.95550000,71.25327485,0.02360663
4.96750000,73.39898968,0.02360572
4.97950000,79.00399853,0.02362132
4.99150000,83.16307648,0.02356943
5.00350000,85.86149675,0.02351336
5.01550000,86.96165065,0.02347800
5.02750000,88.10851617,0.02348620
5.03950000,84.91821788,0.02308400
5.05150000,79.96554457,0.02309010
5.06350000,76.23923308,0.02347287
5.07550000,72.07664608,0.02366348
5.08750000,66.44702209,0.02423816
5.09950000,61.14048881,0.02436837
5.11150000,57.68918713,0.02437948
5.12350000,52.81875102,0.02442762
5.13550000,49.56808139,0.02450981
5.14750000,49.76392800,0.02445488
5.15950000,50.44908006,0.02470362
5.17150000,54.11972037,0.02495381
5.18350000,57.59495846,0.02485930
5.19550000,61.50382026,0.02477025
5.20750000,62.71321860,0.02464770
5.21950000,65.13032583,0.02487183
5.23150000,65.01272471,0.02499588
5.24350000,66.98823374,0.02517818
5.25550000,67.34058895,0.02545337
5.26750000,67.42230831,0.02560210
5.27950000,65.49340388,0.02598634
5.29150000,66.10571702,0.02590027
5.30350000,65.13758535,0.02587343
5.31550000,64.34540859,0.02601006
5.32750000,65.86148042,0.02633057
5.33950000,65.88760945,0.02661602
5.35150000,64.74619373,0.02678725
5.36350000,64.56447819,0.02682222
5.37550000,64.95103463,0.02688956
5.38750000,64.80709993,0.02717611
5.39950000,64.70468082,0.02757098
5.41150000,66.02637565,0.02823077
5.42350000,64.80871677,0.02884267
5.43550000,63.69469336,0.02904868
5.44750000,60.64851607,0.02913790
5.45950000,58.45496092,0.02936251
5.47150000,56.49597099,0.02937575
5.48350000,56.90771644,0.02964443
5.49550000,56.09697175,0.03005151
5.50750000,54.75805917,0.03058233
5.51950000,53.05421975,0.03086002
5.53150000,52.99765484,0.03125902
5.54350000,51.67566936,0.03127499
5.55550000,52.61402360,0.03151149
5.56750000,53.33510874,0.03166080
5.57950000,55.52303784,0.03185244
5.59150000,55.96571455,0.03200414
5.60350000,57.45814155,0.03213292
5.61550000,59.98158599,0.03237052
5.62750000,60.58191606,0.03244845
5.63950000,61.26399302,0.03245543
5.65150000,63.34057066,0.03271936
5.66350000,63.96762221,0.03291213
5.67550000,64.20496339,0.03327927
5.68750000,64.99031152,0.03345306
5.69950000,65.21927012,0.03385683
5.71150000,66.31434134,0.03419596
5.72350000,65.83946236,0.03438117
5.73550000,65.33801981,0.03424151
5.74750000,66.51964115,0.03466049
5.75950000,65.05777385,0.03476395
5.77150000,65.96196004,0.03487494
5.78350000,64.94696027,0.03527429
5.79550000,64.71333618,0.03565115
5.80750000,64.64678184,0.03607759
5.81950000,64.57278637,0.03655045
5.83150000,63.92438015,0.03676282
5.84350000,62.81726167,0.03720092
5.85550000,61.37184475,0.03777118
5.86750000,60.80463424,0.03807420
5.87950000,60.93477870,0.03876955
5.89150000,60.01156719,0.03943204
5.90350000,58.53331173,0.04002863
5.91550000,56.22585348,0.04026838
5.92750000,52.70313656,0.04043346
5.93950000,50.43802216,0.04079372
5.95150000,47.28939153,0.04097931
5.96350000,44.31707428,0.04157450
5.97550000,41.63764180,0.04196996
5.98750000,38.48872966,0.04208532
5.99950000,36.72280996,0.04204627
6.01150000,35.63483193,0.04235357
6.02350000,33.63730606,0.04225456
6.03550000,32.79541193,0.04259855
6.04750000,31.67855249,0.04251808
6.05950000,30.48779531,0.04212080
6.07150000,29.25535862,0.04065472
6.08350000,27.18199289,0.03905528
6.09550000,24.78922142,0.03791029
6.10750000,23.10135978,0.03632796
6.11950000,21.35540010,0.03500656
6.13150000,20.57749357,0.03502608
6.14350000,19.71069365,0.03485838
6.15550000,19.24374211,0.03543543
6.16750000,19.20128436,0.03524686
6.17950000,19.12082205,0.03577649
6.19150000,18.55955740,0.03690124
6.20350000,19.16457068,0.03778448
6.21550000,20.34305066,0.03940278
6.22750000,20.56389784,0.03914484
6.23950000,19.85889646,0.03887641
6.25150000,18.88894954,0.03641380
6.26350000,17.79297355,0.03408889
6.27550000,17.07202663,0.03261743
6.28750000,16.44985653,0.03056659
6.29950000,15.89826803,0.02904997
6.31150000,14.56584847,0.02743283
6.32350000,13.95449214,0.02613483
6.33550000,14.33810382,0.02575270
6.34750000,13.97909275,0.02541798
6.35950000,13.50376771,0.02493398
6.37150000,13.44145292,0.02536342
6.38350000,13.44488705,0.02538205
6.39550000,14.46671982,0.02546688
6.40750000,15.22444837,0.02525269
6.41950000,15.76778189,0.02492555
6.43150000,16.40382979,0.02510157
6.44350000,17.11760613,0.02392826
6.45550000,17.93682100,0.02441855
6.46750000,19.01156307,0.02424800
6.47950000,19.28873155,0.02399123
6.49150000,19.23101836,0.02412036
6.50350000,18.81824434,0.02413654
6.51550000,19.18889172,0.02478715
6.52750000,18.74486089,0.02511060
6.53950000,19.45847473,0.02589623
6.55150000,19.05819701,0.02612106
6.56350000,18.68851304,0.02668990
6.57550000,18.78662704,0.02728731
6.58750000,19.10921487,0.02799929
6.59950000,18.75576122,0.02820374
6.61150000,18.73907792,0.03048570
6.62350000,17.84353415,0.02974565
6.63550000,16.27820720,0.02887211
6.64750000,15.34226149,0.02915102
6.65950000,14.16057597,0.02878383
6.67150000,12.75897047,0.02889485
6.68350000,11.36089567,0.02886491
6.69550000,10.18103856,0.02759169
6.70750000,9.57485840,0.02802284
6.71950000,8.59545761,0.02783039
6.73150000,8.64441540,0.02854670
6.74350000,7.57107902,0.02811853
6.75550000,7.99092545,0.02847149
6.76750000,8.27966343,0.02857383
6.77950000,8.20870867,0.02876395
6.79150000,8.06048822,0.02852416
6.80350000,8.14947918,0.02914150
6.81550000,7.62780714,0.02751663
6.82750000,8.06776599,0.02803581
6.83950000,8.97695035,0.02903213
6.85150000,9.96189126,0.02932171
6.86350000,10.74581781,0.03043271
6.87550000,11.24189967,0.03063757
6.88750000,11.28207466,0.03050148
6.89950000,11.36933526,0.03121226
6.91150000,11.36501019,0.03084540
6.92350000,11.57397388,0.03113029
6.93550000,11.21940158,0.03018134
6.94750000,11.21867206,0.03044965
6.95950000,10.74694141,0.03062677
6.97150000,10.07822669,0.03030127
6.98350000,9.48715558,0.02940394
6.99550000,9.70078649,0.03024184
7.00750000,9.96901296,0.03062863
7.01950000,10.41200638,0.03209465
7.03150000,10.56851364,0.03221563
7.04350000,10.48880932,0.03138754
7.05550000,10.16260883,0.03092849
7.06750000,10.08021440,0.03009938
7.07950000,9.92223808,0.03047697
7.09150000,9.97868401,0.03000513
7.10350000,9.88984512,0.02894262
7.11550000,9.51523124,0.02819036
7.12750000,9.78083445,0.02760738
7.13950000,9.43578382,0.02718054
7.15150000,9.04106134,0.02680258
7.16350000,8.88608447,0.02665655
7.17550000,9.18091482,0.02669783
7.18750000,9.60718900,0.02685702
7.19950000,9.34468489,0.02619713
7.21150000,9.28952072,0.02644268
7.22350000,9.00304927,0.02607677
7.23550000,9.23807536,0.02635891
7.24750000,8.86322093,0.02653016
7.25950000,9.02283272,0.02715886
7.27150000,9.41847246,0.02814331
7.28350000,9.55269916,0.02781597
7.29550000,10.01730990,0.02794038
7.30750000,10.20885558,0.02783777
7.31950000,10.83970436,0.02817222
7.33150000,11.23706762,0.02843250
7.34350000,11.42678931,0.02921708
7.35550000,11.67510957,0.02958170
7.36750000,11.73940995,0.02990857
7.37950000,11.80239133,0.02855206
7.39150000,11.34413529,0.02861964
7.40350000,11.26795177,0.02884285
7.41550000,10.71913050,0.02864715
7.42750000,10.55376279,0.02906723
7.43950000,10.39691836,0.02897009
7.45150000,10.60119953,0.02931001
7.46350000,10.97135744,0.02997595
7.47550000,10.31741530,0.02925866
7.48750000,10.50965250,0.02974755
7.49950000,10.86283508,0.03063233
7.51150000,11.49867033,0.03135902
7.52350000,11.87743553,0.03124973
7.53550000,12.07837132,0.03213191
7.54750000,12.24388355,0.03226996
7.55950000,11.91277010,0.03198761
7.57150000,11.73663776,0.03116410
7.58350000,11.00597524,0.03136234
7.59550000,10.62048909,0.03076615
7.60750000,10.61362636,0.03128917
7.61950000,10.82728824,0.03263419
7.63150000,10.76578295,0.03211484
7.64350000,10.49101767,0.03216218
7.65550000,10.25976510,0.03170256
7.66750000,9.71828880,0.03147814
7.67950000,10.21416582,0.03193539
7.69150000,10.48742289,0.03169280
7.70350000,10.59210286,0.03153529
7.71550000,10.82898250,0.03058981
7.72750000,10.71990793,0.02960191
7.73950000,10.75153838,0.02851418
7.75150000,10.68693291,0.02811324
7.76350000,10.55554719,0.02787028
7.77550000,11.18058372,0.02877410
7.78750000,10.82108362,0.02816790
7.79950000,10.81228550,0.02814834
7.81150000,11.06459688,0.02858795
7.82350000,10.59818380,0.02774792
7.83550000,10.11518775,0.02748308
7.84750000,10.17935341,0.02722819
7.85950000,9.80798125,0.02748613
7.87150000,9.77046037,0.02832206
7.88350000,9.63589473,0.02861958
7.89550000,9.76743086,0.02861476
7.90750000,10.09608703,0.02751730
7.91950000,10.84756579,0.02819295
7.93150000,11.15588934,0.02792956
7.94350000,11.08223464,0.02818225
7.95550000,11.22239410,0.02846763
7.96750000,11.96506928,0.02931592
7.97950000,11.84385241,0.02846602
7.99150000,12.16926590,0.02873426
8.00350000,12.26665616,0.02848967
8.01550000,11.85109097,0.02831094
8.02750000,11.91572076,0.02785842
8.03950000,11.76763972,0.02782871
8.05150000,11.27725518,0.02763378
8.06350000,10.98746893,0.02845932
8.07550000,11.28734837,0.02786534
8.08750000,11.01996433,0.02750920
8.09950000,11.80190015,0.02738758
8.11150000,11.66197172,0.02757440
8.12350000,11.57149261,0.02691273
8.13550000,11.14194720,0.02675615
8.14750000,11.57441728,0.02698390
8.15950000,11.19013120,0.02686545
8.17150000,10.62277710,0.02602457
8.18350000,10.35073077,0.02574422
8.19550000,10.01226151,0.02574774
8.20750000,9.66937149,0.02594150
8.21950000,9.36497535,0.02610657
8.23150000,8.91646006,0.02622162
8.24350000,9.16419502,0.02667120
8.25550000,9.23818812,0.02675956
8.26750000,9.26423542,0.02667507
8.27950000,9.49655164,0.02705331
8.29150000,9.85567117,0.02757658
8.30350000,10.81115065,0.02713904
8.31550000,11.65963011,0.02725984
8.32750000,12.86623876,0.02748818
8.33950000,13.70108101,0.02668469
8.35150000,14.86254816,0.02668136
8.36350000,15.21925508,0.02615349
8.37550000,16.49997674,0.02678939
8.38750000,16.98451335,0.02681088
8.39950000,17.14336915,0.02721982
8.41150000,17.44072001,0.02753538
8.42350000,17.40701738,0.02725708
8.43550000,17.53822032,0.02746126
8.44750000,17.26324236,0.02766395
8.45950000,17.20610973,0.02805422
8.47150000,17.37800203,0.02832980
8.48350000,17.48990531,0.02841924
8.49550000,17.46100247,0.02850027
8.50750000,17.67122964,0.02895235
8.51950000,18.77563265,0.02868070
8.53150000,19.42119416,0.02805461
8.54350000,20.63907094,0.02799141
8.55550000,21.61207401,0.02807955
8.56750000,22.97614984,0.02866305
8.57950000,23.05958144,0.02819526
8.59150000,23.09401390,0.02805317
8.60350000,22.99365384,0.02765757
8.61550000,22.71877644,0.02768933
8.62750000,22.34434298,0.02772617
8.63950000,21.89306376,0.02822738
8.65150000,21.67180353,0.02821916
8.66350000,21.00400936,0.02825490
8.67550000,19.73601244,0.02848967
8.68750000,19.52853550,0.02847751
8.69950000,19.88372510,0.02848333
8.71150000,19.90648185,0.02832282
8.72350000,21.63452365,0.02846675
8.73550000,23.65565485,0.02867468
8.74750000,26.41214614,0.02912303
8.75950000,28.70952819,0.02895945
8.77150000,30.05169457,0.02903302
8.78350000,30.11539548,0.02940551
8.79550000,29.98927879,0.02947464
8.80750000,30.86572686,0.02992193
8.81950000,31.09337728,0.03017130
8.83150000,32.75935524,0.03038757
8.84350000,33.29111986,0.03026340
8.85550000,33.65013557,0.03056606
8.86750000,34.39378604,0.03048187
8.87950000,35.62842258,0.03007971
8.89150000,36.12969938,0.03006677
8.90350000,37.20196210,0.02995458
8.91550000,39.58026658,0.03003776
8.92750000,43.08509365,0.03023134
8.93950000,45.95943654,0.03026620
8.95150000,46.12725169,0.03031019
8.96350000,45.83193864,0.03067765
8.97550000,44.72186406,0.03087601
8.98750000,43.56929865,0.03102609
8.99950000,42.50712253,0.03117050
9.01150000,40.31559774,0.03103739
9.02350000,37.98738054,0.03076128
9.03550000,34.95784113,0.03054753
9.04750000,31.74984064,0.03021626
9.05950000,29.15503009,0.02984961
9.07150000,26.38779978,0.02955254
9.08350000,24.61893592,0.02950155
9.09550000,24.21049306,0.02928265
9.10750000,24.62997113,0.02932328
9.11950000,26.77377207,0.02946595
9.13150000,26.93290997,0.02966619
9.14350000,26.77882611,0.03011553
9.15550000,27.11841188,0.03033414
9.16750000,27.94187356,0.03046966
9.17950000,27.84956048,0.03082039
9.19150000,28.78014436,0.03122590
9.20350000,28.41482504,0.03083923
9.21550000,27.52342212,0.03058531
9.22750000,26.65569079,0.03035659
9.23950000,25.70715433,0.03003348
9.25150000,23.77663653,0.02963766
9.26350000,23.73907836,0.02914979
9.27550000,23.55271403,0.02882661
9.28750000,22.34514534,0.02845197
9.29950000,22.90284832,0.02823408
9.31150000,24.32381428,0.02867749
9.32350000,24.92481450,0.02858731
9.33550000,26.00197402,0.02874039
9.34750000,26.87762462,0.02895129
9.35950000,27.44024808,0.02956728
9.37150000,27.46163059,0.02983637
9.38350000,27.46025788,0.02997550
9.39550000,26.43925571,0.02968289
9.40750000,25.92977357,0.02953258
9.41950000,25.71605139,0.03000966
9.43150000,24.62446421,0.02917281
9.44350000,22.95226709,0.02842569
9.45550000,21.45177342,0.02819368
9.46750000,19.12637219,0.02727925
9.47950000,17.04604869,0.02662562
9.49150000,16.14361939,0.02590149
9.50350000,14.86385692,0.02569043
9.51550000,12.73247007,0.02445724
9.52750000,11.14895086,0.02450506
9.53950000,8.94275499,0.02393687
9.55150000,6.91603513,0.02339761
9.56350000,5.30529836,0.02286743
9.57550000,4.57074440,0.02288445
9.58750000,4.70029697,0.02280169
9.59950000,5.93252671,0.02336562
9.61150000,6.39572262,0.02352235
9.62350000,7.25073459,0.02354219
9.63550000,7.98029958,0.02383067
9.64750000,8.62809414,0.02424526
9.65950000,9.58625363,0.02444215
9.67150000,10.59975796,0.02566847
9.68350000,11.69465903,0.02637172
9.69550000,13.06655911,0.02734739
9.70750000,13.87256443,0.02788524
9.71950000,15.03598478,0.02882304
9.73150000,16.06362685,0.02891035
9.74350000,16.70820946,0.02907277
9.75550000,16.98277372,0.02962389
9.76750000,16.56681770,0.03000789
9.77950000,15.89100198,0.02964885
9.79150000,14.69677452,0.02897993
9.80350000,13.28313925,0.02814023
9.81550000,11.96413874,0.02724926
9.82750000,10.66534659,0.02628578
9.83950000,9.42828283,0.02563079
9.85150000,8.50547075,0.02539801
9.86350000,7.88721220,0.02566258
9.87550000,6.75170695,0.02536691
9.88750000,6.68211429,0.02444562
9.89950000,6.41074305,0.02419052
9.91150000,7.02979051,0.02394856
9.92350000,7.39961455,0.02386400
9.93550000,7.62029637,0.02442842
9.94750000,7.78707465,0.02496268
9.95950000,7.36438989,0.02496051
9.97150000,7.49955592,0.02470731
9.98350000,7.31925051,0.02451994
9.99550000,7.58066595,0.02451989
10.00750000,7.64048005,0.02455993
10.01950000,7.98272623,0.02468492
10.03150000,8.48494575,0.02472789
10.04350000,8.62847121,0.02524526
10.05550000,9.44311904,0.02571863
10.06750000,9.81174759,0.02601566
10.07950000,11.01708441,0.02574073
10.09150000,11.41404149,0.02656710
10.10350000,12.14201311,0.02693341
10.11550000,13.02745373,0.02787233
10.12750000,13.36831628,0.02885397
10.13950000,13.31318658,0.02872994
10.15150000,13.05956853,0.02915803
10.16350000,12.97081112,0.02940331
10.17550000,12.36625073,0.02871547
10.18750000,11.51644872,0.02827429
10.19950000,10.71427020,0.02789422
10.21150000,10.15774777,0.02724205
10.22350000,9.65411058,0.02749445
10.23550000,9.09464703,0.02815574
10.24750000,8.87486033,0.02817430
10.25950000,8.82211937,0.02851062
10.27150000,8.81749822,0.02882390
10.28350000,8.51054063,0.02914702
10.29550000,8.59258165,0.02835981
10.30750000,8.38560523,0.02865404
10.31950000,7.82460408,0.02812710
10.33150000,7.51537195,0.02710812
10.34350000,7.38588151,0.02695642
10.35550000,6.98500538,0.02640859
10.36750000,6.61511010,0.02564817
10.37950000,6.03610941,0.02507468
10.39150000,5.70411402,0.02396849
10.40350000,5.38847113,0.02304857
10.41550000,5.53691015,0.02379639
10.42750000,5.38524665,0.02273513
10.43950000,5.21330180,0.02198942
10.45150000,5.04129310,0.02151941
10.46350000,4.80246970,0.02183066
10.47550000,4.33439660,0.02107335
10.48750000,4.21502187,0.02060711
10.49950000,3.96029086,0.02077063
10.51150000,4.00572131,0.02056676
10.52350000,4.13143935,0.02065886
10.53550000,4.46476600,0.02154795
10.54750000,4.55665247,0.02179851
10.55950000,4.66354903,0.02199823
10.57150000,4.52895627,0.02215617
10.58350000,4.51283109,0.02255184
10.59550000,4.93023829,0.02308571
10.60750000,4.89617420,0.02358078
10.61950000,5.11113655,0.02359805
10.63150000,5.33398235,0.02417712
10.64350000,5.31841873,0.02407099
10.65550000,5.50791543,0.02446763
10.66750000,5.64818901,0.02442490
10.67950000,5.70568996,0.02442970
10.69150000,5.83403077,0.02477411
10.70350000,5.82091452,0.02499421
10.71550000,5.75154479,0.02492112
10.72750000,5.67901407,0.02538797
10.73950000,5.71916027,0.02620998
10.75150000,5.77781038,0.02700340
10.76350000,5.84684953,0.02852675
10.77550000,5.98422955,0.02832766
10.78750000,5.88729948,0.02797499
10.79950000,5.29206230,0.02592961
10.81150000,5.26428286,0.02566282
10.82350000,4.85181964,0.02360241
10.83550000,4.22725413,0.02131352
10.84750000,3.74521381,0.01874129
10.85950000,3.25639718,0.01694110
10.87150000,2.80054760,0.01594860
10.88350000,2.53973419,0.01463334
10.89550000,2.26671758,0.01458748
10.90750000,2.07604779,0.01454365
10.91950000,2.06020010,0.01511200
10.93150000,2.38357094,0.01566086
10.94350000,2.51664207,0.01595277
10.95550000,2.53838455,0.01638294
10.96750000,2.71725652,0.01625933
10.97950000,2.78474756,0.01683908
10.99150000,3.02311369,0.01655155
11.00350000,3.23782857,0.01747421
11.01550000,3.41313275,0.01748430
11.02750000,3.64720584,0.01743155
11.03950000,3.89477386,0.01793075
11.05150000,4.19369411,0.01914162
11.06350000,4.39979940,0.02019791
11.07550000,4.72369990,0.02095233
11.08750000,5.20377535,0.02287591
11.09950000,5.30215633,0.02303023
11.11150000,5.62781565,0.02346717
11.12350000,5.68633005,0.02277325
11.13550000,5.93906996,0.02277518
11.14750000,6.18240913,0.02329044
11.15950000,6.37107940,0.02258086
11.17150000,6.63887345,0.02238894
11.18350000,6.68690870,0.02152047
11.19550000,6.88578246,0.02130878
11.20750000,7.06634149,0.02205572
11.21950000,7.67928667,0.02248478
11.23150000,7.73963013,0.02316527
11.24350000,7.95924007,0.02391908
11.25550000,8.03693320,0.02404140
11.26750000,8.15598112,0.02475546
11.27950000,7.90154521,0.02447553
11.29150000,7.82849655,0.02536108
11.30350000,7.73559005,0.02459269
11.31550000,7.45371758,0.02428033
11.32750000,7.09093637,0.02367583
11.33950000,6.58741401,0.02329585
11.35150000,6.16866816,0.02297933
11.36350000,5.63396107,0.02214139
11.37550000,5.15833602,0.02186961
11.38750000,5.08877203,0.02263819
11.39950000,5.03751379,0.02332400
11.41150000,5.35182564,0.02384625
11.42350000,5.02318031,0.02405016
11.43550000,5.32821986,0.02428783
11.44750000,5.03167730,0.02352042
11.45950000,4.81457472,0.02328678
11.47150000,4.81411620,0.02348517
11.48350000,4.97446190,0.02447501
11.49550000,4.73146755,0.02317962
11.50750000,4.63185544,0.02319021
11.51950000,4.55699912,0.02284746
11.53150000,4.45077409,0.02388243
11.54350000,4.34830091,0.02434889
11.55550000,4.21039811,0.02432102
11.56750000,4.06027517,0.02377043
11.57950000,4.25582823,0.02444592
11.59150000,4.05375851,0.02377801
11.60350000,4.04363555,0.02319536
11.61550000,3.89075044,0.02190903
11.62750000,3.80886607,0.02063469
11.63950000,3.51238389,0.01993409
11.65150000,3.37558892,0.01928868
11.66350000,3.32646596,0.01926749
11.67550000,2.99323323,0.01868674
11.68750000,2.91452303,0.01777069
11.69950000,2.73493564,0.01797056
11.71150000,2.84877219,0.01852877
11.72350000,3.10129913,0.02038177
11.73550000,3.01634258,0.02158445
11.74750000,3.12034902,0.02219544
11.75950000,3.19583413,0.02259751
11.77150000,3.10929901,0.02309212
11.78350000,3.06726982,0.02296333
11.79550000,2.99558629,0.02190000
11.80750000,2.74738772,0.02035281
11.81950000,2.63016082,0.01994187
11.83150000,2.35986001,0.01899247
11.84350000,2.36780160,0.01794283
11.85550000,2.31336839,0.01749353
11.86750000,2.02127215,0.01592890
11.87950000,2.16123988,0.01561478
11.89150000,2.11512122,0.01560989
11.90350000,2.44669201,0.01767300
11.91550000,2.73831657,0.02003513
11.92750000,3.07631935,0.02267181
11.93950000,3.37360781,0.02422380
11.95150000,3.65116792,0.02553660
11.96350000,3.94784364,0.02768426
11.97550000,4.13855678,0.02792385
11.98750000,4.28740011,0.02842762
11.99950000,4.29723618,0.02853622
12.01150000,4.35105445,0.02842357
12.02350000,4.31352598,0.02739365
12.03550000,4.42804210,0.02679812
12.04750000,4.25560965,0.02596824
12.05950000,3.94397072,0.02443697
12.07150000,3.93822415,0.02427814
12.08350000,3.56070554,0.02333916
12.09550000,3.58723717,0.02390085
12.10750000,3.24866988,0.02295358
12.11950000,2.75706661,0.02083447
12.13150000,2.64000608,0.02029166
12.14350000,2.62773321,0.01908190
12.15550000,2.57813521,0.01862782
12.16750000,2.45288656,0.01786728
12.17950000,2.60479685,0.01847839
12.19150000,2.77631075,0.01802315
12.20350000,2.98204803,0.01868004
12.21550000,3.22890177,0.01920359
12.22750000,3.34636952,0.02054268
12.23950000,3.44756966,0.02169526
12.25150000,3.33448337,0.02184524
12.26350000,3.34933568,0.02207099
12.27550000,3.50034600,0.02289838
12.28750000,3.53737953,0.02280975
12.29950000,3.19806153,0.02128686
12.31150000,2.95677661,0.02037195
12.32350000,3.21754722,0.02100609
12.33550000,3.44682383,0.02074064
12.34750000,3.55213248,0.02080383
12.35950000,4.14960691,0.02122227
12.37150000,4.66564139,0.02321523
12.38350000,4.81038615,0.02361229
12.39550000,5.14245604,0.02484881
12.40750000,5.22677170,0.02610461
12.41950000,5.47989458,0.02814456
12.43150000,5.53183159,0.02850669
12.44350000,5.39416986,0.02845582
12.45550000,5.31284147,0.02772130
12.46750000,5.24332620,0.02713665
12.47950000,4.84314456,0.02554750
12.49150000,4.20373240,0.02409002
12.50350000,3.85020709,0.02258370
12.51550000,3.45268245,0.02044272
12.52750000,3.05134377,0.01824091
12.53950000,2.65333015,0.01607787
12.55150000,2.26578071,0.01405319
12.56350000,1.89583457,0.01226648
12.57550000,1.55063086,0.01081732
12.58750000,1.23730869,0.00980531
12.59950000,0.96300717,0.00933005
