1.315124040118826088e+02 1.018060900000000000e+07
1.315328385728862486e+02 1.001351800000000000e+07
1.315532730337799876e+02 9.852474000000000000e+06
1.315737073945492739e+02 9.722936000000000000e+06
1.315941418553265976e+02 9.717073000000000000e+06
1.316145764159882674e+02 9.854102000000000000e+06
1.316350107765319990e+02 9.854243000000000000e+06
1.316554452370692161e+02 9.622330000000000000e+06
1.316758797974980553e+02 9.355803000000000000e+06
1.316963142578024417e+02 9.357562000000000000e+06
1.317167486181133427e+02 1.038071300000000000e+07
1.317371830783085898e+02 1.389349600000000000e+07
1.317576176384973223e+02 1.832658200000000000e+07
1.317780519985753926e+02 1.931968600000000000e+07
1.317984864585378091e+02 1.873483200000000000e+07
1.318189210184937110e+02 1.730127800000000000e+07
1.318393553783389507e+02 1.607623500000000000e+07
1.318597898380685365e+02 1.520211200000000000e+07
1.318802242977908463e+02 1.448851700000000000e+07
1.319006587574040168e+02 1.381536100000000000e+07
1.319210932169007719e+02 1.319278400000000000e+07
1.319415276763902511e+02 1.263687400000000000e+07
1.319619621357705910e+02 1.212620800000000000e+07
1.319823965951509308e+02 1.164953600000000000e+07
1.320028310544075794e+02 1.120485700000000000e+07
1.320232654135543271e+02 1.079816500000000000e+07
1.320436999725861824e+02 1.044298200000000000e+07
1.320641344316100003e+02 1.014303800000000000e+07
1.320845687905239174e+02 9.899698000000000000e+06
1.321050032494385960e+02 9.706481000000000000e+06
1.321254378082303447e+02 9.568728000000000000e+06
1.321458721669114311e+02 9.519913000000000000e+06
1.321663066255932790e+02 9.559458000000000000e+06
1.321867411841521971e+02 9.625522000000000000e+06
1.322071756426012143e+02 9.706698000000000000e+06
1.322276100010494702e+02 9.697021000000000000e+06
1.322480444593820721e+02 9.615917000000000000e+06
1.322684790175917442e+02 9.776921000000000000e+06
1.322889133758071694e+02 1.125146600000000000e+07
1.323093478338996647e+02 1.579409000000000000e+07
1.323297823918837821e+02 1.907904400000000000e+07
1.323502167498663766e+02 1.903031200000000000e+07
1.323706512077333173e+02 1.770874600000000000e+07
1.323910856654765666e+02 1.649062500000000000e+07
1.324115201232270920e+02 1.555108600000000000e+07
1.324319545808539260e+02 1.479387400000000000e+07
1.324523890383716207e+02 1.415672100000000000e+07
1.324728235958900768e+02 1.358212700000000000e+07
1.324932579532905947e+02 1.304607800000000000e+07
1.325136924106845981e+02 1.253189600000000000e+07
1.325341267678522854e+02 1.199234100000000000e+07
1.325545613250142196e+02 1.158318900000000000e+07
1.325749957821826683e+02 1.115986400000000000e+07
1.325954301391175250e+02 1.078919700000000000e+07
1.326158646960539045e+02 1.048249300000000000e+07
1.326362991529822466e+02 1.024121500000000000e+07
1.326567336096850340e+02 1.005504100000000000e+07
1.326771679663870600e+02 9.889936000000000000e+06
1.326976025230833329e+02 9.798010000000000000e+06
1.327180369795532897e+02 9.741345000000000000e+06
1.327384713360224850e+02 9.820063000000000000e+06
1.327589058924859273e+02 9.928393000000000000e+06
1.327793403487230535e+02 9.795334000000000000e+06
1.327997747049594182e+02 9.548420000000000000e+06
1.328202091610728530e+02 9.405717000000000000e+06
1.328406437171943253e+02 9.940192000000000000e+06
1.328610780731978593e+02 1.208560400000000000e+07
1.328815125290784636e+02 1.661506100000000000e+07
1.329019470849671052e+02 1.944194800000000000e+07
1.329223814407378086e+02 1.908282600000000000e+07
1.329428158963855822e+02 1.774721600000000000e+07
1.329632503519242164e+02 1.641833700000000000e+07
1.329836849074636120e+02 1.554087100000000000e+07
1.330041192628777935e+02 1.478569500000000000e+07
1.330245537183000124e+02 1.408823400000000000e+07
1.330449881734894007e+02 1.342934600000000000e+07
1.330654226286715129e+02 1.283717600000000000e+07
1.330858570838609012e+02 1.229892000000000000e+07
1.331062915388174588e+02 1.175029900000000000e+07
1.331267259937667404e+02 1.135668300000000000e+07
1.331471604487232980e+02 1.094001700000000000e+07
1.331675949034470250e+02 1.056731300000000000e+07
1.331880293581634760e+02 1.021891300000000000e+07
1.332084639127715491e+02 9.984375000000000000e+06
1.332288982673780993e+02 9.779230000000000000e+06
1.332493327218617196e+02 9.624332000000000000e+06
1.332697671762362006e+02 9.537027000000000000e+06
1.332902016304942663e+02 9.578783000000000000e+06
1.333106360847450560e+02 9.690346000000000000e+06
1.333310704388859449e+02 9.727266000000000000e+06
1.333515049929119414e+02 9.704049000000000000e+06
1.333719394469299004e+02 9.661433000000000000e+06
1.333923739008387201e+02 9.709877000000000000e+06
1.334128083546311245e+02 1.076928400000000000e+07
1.334332428082998376e+02 1.377388100000000000e+07
1.334536772619758267e+02 1.786269000000000000e+07
1.334741116155346390e+02 1.900567400000000000e+07
1.334945461689712829e+02 1.818354200000000000e+07
1.335149806224144413e+02 1.685993800000000000e+07
1.335354149757404230e+02 1.584490100000000000e+07
1.335558495289442362e+02 1.507509700000000000e+07
1.335762839821545640e+02 1.443426600000000000e+07
1.335967183352477150e+02 1.385117000000000000e+07
1.336171527882179362e+02 1.330387500000000000e+07
1.336375873410797794e+02 1.278170000000000000e+07
1.336580217939335853e+02 1.227894200000000000e+07
1.336784561466774903e+02 1.180698200000000000e+07
1.336988906993065029e+02 1.137179100000000000e+07
1.337193251519347541e+02 1.097969600000000000e+07
1.337397595044385525e+02 1.064247500000000000e+07
1.337601939568339731e+02 1.033349700000000000e+07
1.337806285091064638e+02 1.016943000000000000e+07
1.338010628613847075e+02 1.002250400000000000e+07
1.338214973135472974e+02 9.918032000000000000e+06
1.338419317655934719e+02 9.835965000000000000e+06
1.338623662175159552e+02 9.792565000000000000e+06
1.338828006694457144e+02 9.863535000000000000e+06
1.339032351212590584e+02 9.893238000000000000e+06
1.339236695730651263e+02 9.703412000000000000e+06
1.339441040246456396e+02 9.456964000000000000e+06
1.339645384762261529e+02 9.581390000000000000e+06
1.339849728276822134e+02 1.096897300000000000e+07
1.340054073791470728e+02 1.525621600000000000e+07
1.340258418304947554e+02 1.928696400000000000e+07
1.340462761817179853e+02 1.941055200000000000e+07
1.340667107328335987e+02 1.818672000000000000e+07
1.340871451838320354e+02 1.682075000000000000e+07
1.341075795348224347e+02 1.572817200000000000e+07
1.341280139857044560e+02 1.493513800000000000e+07
1.341484485365872388e+02 1.422541800000000000e+07
1.341688829872291535e+02 1.356792100000000000e+07
1.341893173378775828e+02 1.297736800000000000e+07
1.342097518884111196e+02 1.244199600000000000e+07
1.342301863389366190e+02 1.189362000000000000e+07
1.342506206892358023e+02 1.150730200000000000e+07
1.342710551395357470e+02 1.108663800000000000e+07
1.342914896898291772e+02 1.069918000000000000e+07
1.343119240398955299e+02 1.035807800000000000e+07
1.343323584899626439e+02 1.007971700000000000e+07
1.343527930399068282e+02 9.873149000000000000e+06
1.343732273897403502e+02 9.730060000000000000e+06
1.344140962891688105e+02 9.630618000000000000e+06
1.344345307387702633e+02 9.722074000000000000e+06
1.344549651883717161e+02 9.828196000000000000e+06
1.344753996377330623e+02 9.892155000000000000e+06
1.344958341871024459e+02 9.878512000000000000e+06
1.345162685363538912e+02 9.790232000000000000e+06
1.345367029854824068e+02 1.013982700000000000e+07
1.345571373346174369e+02 1.200551100000000000e+07
1.345775718835211592e+02 1.671881500000000000e+07
1.345980063325332594e+02 1.916704800000000000e+07
1.346184406813190435e+02 1.875659000000000000e+07
1.346388751299891737e+02 1.731319200000000000e+07
1.346593096786527894e+02 1.611337000000000000e+07
1.346797441272065043e+02 1.522993000000000000e+07
1.347001785756438039e+02 1.452082400000000000e+07
1.347206130240738275e+02 1.391922400000000000e+07
1.347410474723947118e+02 1.338293900000000000e+07
1.347614818205984193e+02 1.289473000000000000e+07
1.347819162686791969e+02 1.243817400000000000e+07
1.348023508167680120e+02 1.197123500000000000e+07
1.348227852646232350e+02 1.147367000000000000e+07
1.348432196124776965e+02 1.110799500000000000e+07
1.348636541603264050e+02 1.072939400000000000e+07
1.348840886079487973e+02 1.041536100000000000e+07
1.349045230555639137e+02 1.020124200000000000e+07
1.349249574030691292e+02 1.006964700000000000e+07
1.349453919504594523e+02 9.989300000000000000e+06
1.349658263977253227e+02 9.943011000000000000e+06
1.349862607449977077e+02 9.929854000000000000e+06
1.350066952921552001e+02 9.956461000000000000e+06
1.350271297391882399e+02 9.961970000000000000e+06
1.350475640861113789e+02 9.814420000000000000e+06
1.350679985330352793e+02 9.584928000000000000e+06
1.350884330798362498e+02 9.575232000000000000e+06
1.351088674265265581e+02 1.058761200000000000e+07
1.351293018731012125e+02 1.336620900000000000e+07
1.351497364195529372e+02 1.748166600000000000e+07
1.351701708660111763e+02 1.931250800000000000e+07
1.351906052123522386e+02 1.875354400000000000e+07
1.352110396585703711e+02 1.731926400000000000e+07
1.352314742047965410e+02 1.611619900000000000e+07
1.352519085507883574e+02 1.529802900000000000e+07
1.352723429967736593e+02 1.455250400000000000e+07
1.352927773426490603e+02 1.378420300000000000e+07
1.353132118885259843e+02 1.323734500000000000e+07
1.353336463341620401e+02 1.267381200000000000e+07
1.353540806798046106e+02 1.216118600000000000e+07
1.353745152253322885e+02 1.169047200000000000e+07
1.353949496707355138e+02 1.125468700000000000e+07
1.354153841161460150e+02 1.085617000000000000e+07
1.354358184613229241e+02 1.050785600000000000e+07
1.354562530064940802e+02 1.022067900000000000e+07
1.354766874515553354e+02 1.000433900000000000e+07
1.354971217964994139e+02 9.849377000000000000e+06
1.355175563414377393e+02 9.735606000000000000e+06
1.355379907862661639e+02 9.659895000000000000e+06
1.355584251309774118e+02 9.631398000000000000e+06
1.355788595755730057e+02 9.683920000000000000e+06
1.355992941200456698e+02 9.823290000000000000e+06
1.356197284645240870e+02 9.892156000000000000e+06
1.356401629087631591e+02 9.869160000000000000e+06
1.356605974530102685e+02 9.967762000000000000e+06
1.356810318971402012e+02 1.133218800000000000e+07
1.357014662412693724e+02 1.531739200000000000e+07
1.357219006851591985e+02 1.861271400000000000e+07
1.357423352290570620e+02 1.876018000000000000e+07
1.357627695728297113e+02 1.745132000000000000e+07
1.357832040166103980e+02 1.622756200000000000e+07
1.358036385601590155e+02 1.531543600000000000e+07
1.358240729037061101e+02 1.461540000000000000e+07
1.358445073470138595e+02 1.402996500000000000e+07
1.358649417904453003e+02 1.350748700000000000e+07
1.358853762336366344e+02 1.302430200000000000e+07
1.359058106767188292e+02 1.256716200000000000e+07
1.359262451198010240e+02 1.213033200000000000e+07
1.359466794627660420e+02 1.163872300000000000e+07
1.359671140056088916e+02 1.127861900000000000e+07
1.359875484483418404e+02 1.090202400000000000e+07
1.360079827909576125e+02 1.058793200000000000e+07
1.360284173335676314e+02 1.036002500000000000e+07
1.360488517760677496e+02 1.021944100000000000e+07
1.360692861184506910e+02 1.014863300000000000e+07
1.360897205607107026e+02 1.011615100000000000e+07
1.361101551028623362e+02 1.009624700000000000e+07
1.361305895450059325e+02 1.008807600000000000e+07
1.361510238870396279e+02 1.010511400000000000e+07
1.361714584289584309e+02 9.988074000000000000e+06
1.361918928707600571e+02 9.750489000000000000e+06
1.362123272124372306e+02 9.526048000000000000e+06
1.362327616541224415e+02 9.923178000000000000e+06
1.362531961955683073e+02 1.173778900000000000e+07
1.362736305370199261e+02 1.594004600000000000e+07
1.362940649783558911e+02 1.928439800000000000e+07
1.363144995196926175e+02 1.906886600000000000e+07
1.363349338607877144e+02 1.763499600000000000e+07
1.363553683018908487e+02 1.639358600000000000e+07
1.363758027427611523e+02 1.550197000000000000e+07
1.363962371837405954e+02 1.475951000000000000e+07
1.364166716244944837e+02 1.401882900000000000e+07
1.364371060651319567e+02 1.341400900000000000e+07
1.364575406057629152e+02 1.283957600000000000e+07
1.364779749461667961e+02 1.232161200000000000e+07
1.364984093865714385e+02 1.185228900000000000e+07
1.365188438268523896e+02 1.141675000000000000e+07
1.365392782671406167e+02 1.100849500000000000e+07
1.365597127071960131e+02 1.063532800000000000e+07
1.365801471472441335e+02 1.031726400000000000e+07
1.366005815870666993e+02 1.007803200000000000e+07
1.366210160268892650e+02 9.926867000000000000e+06
1.366414504665881395e+02 9.831378000000000000e+06
1.366618849062942900e+02 9.750647000000000000e+06
1.366823193457676098e+02 9.721850000000000000e+06
1.367027537852336536e+02 9.734923000000000000e+06
1.367231882245905581e+02 9.705687000000000000e+06
1.367436225637138705e+02 9.680743000000000000e+06
1.367640571029478451e+02 9.769379000000000000e+06
1.367844915419555036e+02 9.980510000000000000e+06
1.368049258808459854e+02 1.088386400000000000e+07
1.368253604197307141e+02 1.349784800000000000e+07
1.368457948585055419e+02 1.746476400000000000e+07
1.368662292971566785e+02 1.865681200000000000e+07
1.368866636356979143e+02 1.781309800000000000e+07
1.369070981741242576e+02 1.657759300000000000e+07
1.369275326125498395e+02 1.558999100000000000e+07
1.369479669507345534e+02 1.483568700000000000e+07
1.369684014889280661e+02 1.420785800000000000e+07
1.369888359269971261e+02 1.365163700000000000e+07
1.370092702649562852e+02 1.315028100000000000e+07
1.370297047027997905e+02 1.268648500000000000e+07
1.370501392405276420e+02 1.224791200000000000e+07
1.370705735782466945e+02 1.182618200000000000e+07
1.370910080158573692e+02 1.141594100000000000e+07
1.371114425533451140e+02 1.102830100000000000e+07
1.371318768907221965e+02 1.068588100000000000e+07
1.371523113279836252e+02 1.041355400000000000e+07
1.371727457651286386e+02 1.022997900000000000e+07
1.371931803022671374e+02 1.013505300000000000e+07
1.372136146391785587e+02 1.011240000000000000e+07
1.372340490760907414e+02 1.010293400000000000e+07
1.372544834128784714e+02 1.018192800000000000e+07
1.372749179495585850e+02 1.027031400000000000e+07
1.372953523861215217e+02 1.019192100000000000e+07
1.373157867225600057e+02 9.968883000000000000e+06
1.373362212590072886e+02 9.656241000000000000e+06
1.373566556952209794e+02 9.690890000000000000e+06
1.373975244675239082e+02 1.419437500000000000e+07
1.374179590035055298e+02 1.799371400000000000e+07
1.374383934393626987e+02 1.879352200000000000e+07
1.374588277752263821e+02 1.780516800000000000e+07
1.374792623108587577e+02 1.663462900000000000e+07
1.374996967464830959e+02 1.568046100000000000e+07
1.375201310819975333e+02 1.497131600000000000e+07
1.375405655173963169e+02 1.429270800000000000e+07
1.375610000526721706e+02 1.368098200000000000e+07
1.375814343878373620e+02 1.308545600000000000e+07
1.376018688228868996e+02 1.257297300000000000e+07
1.376223033579299226e+02 1.212359700000000000e+07
1.376427377927466296e+02 1.167466400000000000e+07
1.376631721275625750e+02 1.125311900000000000e+07
1.376836065622555907e+02 1.086777000000000000e+07
1.377040410968402284e+02 1.053687000000000000e+07
1.377244754313069279e+02 1.028248700000000000e+07
1.377449098656506976e+02 1.011791000000000000e+07
1.377653443998860894e+02 1.001159600000000000e+07
1.377857787341199582e+02 9.924037000000000000e+06
1.378062131681144820e+02 9.851912000000000000e+06
1.378266475021155202e+02 9.834892000000000000e+06
1.378470820360016660e+02 9.818753000000000000e+06
1.378675164697633591e+02 9.829134000000000000e+06
1.378879509034159128e+02 9.845403000000000000e+06
1.379083852369512897e+02 9.861170000000000000e+06
1.379288197704809136e+02 1.018821300000000000e+07
1.379492542037842213e+02 1.219748500000000000e+07
1.379696885370867676e+02 1.659495300000000000e+07
1.379901230702671455e+02 1.889473200000000000e+07
1.380105575032212073e+02 1.842481800000000000e+07
1.380309918361745076e+02 1.692923800000000000e+07
1.380514262690121541e+02 1.575149900000000000e+07
1.380718608018432860e+02 1.489351700000000000e+07
1.380922952344481018e+02 1.422040000000000000e+07
1.381127295669284649e+02 1.365066700000000000e+07
1.381331640994176269e+02 1.315099500000000000e+07
1.381535985317896120e+02 1.269634900000000000e+07
1.381740328639207291e+02 1.227168300000000000e+07
1.381944672960598837e+02 1.186711500000000000e+07
1.382149018280833843e+02 1.146440600000000000e+07
1.382353362599824322e+02 1.106978200000000000e+07
1.382557705918879947e+02 1.071051600000000000e+07
1.382762051235622494e+02 1.041375500000000000e+07
1.382966395551120513e+02 1.021252600000000000e+07
1.383170738866683678e+02 1.011647800000000000e+07
1.383375083181090304e+02 1.010934000000000000e+07
1.383579428493103478e+02 1.015155500000000000e+07
1.383783772805181798e+02 1.019598900000000000e+07
1.383988116116088349e+02 1.022784400000000000e+07
1.384192461425773217e+02 1.029584900000000000e+07
1.384396805734359077e+02 1.023027800000000000e+07
1.384601149042937323e+02 9.959157000000000000e+06
1.384805493349122116e+02 9.839929000000000000e+06
1.385009838655387284e+02 1.069989000000000000e+07
1.385214181959308917e+02 1.300575500000000000e+07
1.385418526263165404e+02 1.608918500000000000e+07
1.385622870565930498e+02 1.841607600000000000e+07
1.385827214867531438e+02 1.799917000000000000e+07
1.386031559167895466e+02 1.674008900000000000e+07
1.386235903467168100e+02 1.576684800000000000e+07
1.386440247765276581e+02 1.492913900000000000e+07
1.386644592062148149e+02 1.434253300000000000e+07
1.386848936357928324e+02 1.371651400000000000e+07
1.387053279653700884e+02 1.319798900000000000e+07
1.387257624947087606e+02 1.270330200000000000e+07
1.387461969240539474e+02 1.224749100000000000e+07
1.387666312532819575e+02 1.182338800000000000e+07
1.387870657823877991e+02 1.142232300000000000e+07
1.388075002113837400e+02 1.105162400000000000e+07
1.388279345402625040e+02 1.072359400000000000e+07
1.388483689690183382e+02 1.045574300000000000e+07
1.388688034976657946e+02 1.027099600000000000e+07
1.388892379261960741e+02 1.018025000000000000e+07
1.389096722546091769e+02 1.014071600000000000e+07
1.389301067830165266e+02 1.007980200000000000e+07
1.389505412111975602e+02 1.000831200000000000e+07
1.389709755393705564e+02 9.999484000000000000e+06
1.389914099674351746e+02 9.946954000000000000e+06
1.390118444952677237e+02 9.829050000000000000e+06
1.390322788230987499e+02 9.740485000000000000e+06
1.390527132508068462e+02 9.858614000000000000e+06
1.390731477784065646e+02 1.108364600000000000e+07
1.390935821058810689e+02 1.479489700000000000e+07
1.391140165332471952e+02 1.846612000000000000e+07
1.391344509606133215e+02 1.882264400000000000e+07
1.391548853877466172e+02 1.739181800000000000e+07
1.391753198147562216e+02 1.616897700000000000e+07
1.391957542417731020e+02 1.522152900000000000e+07
1.392161885685563902e+02 1.449511700000000000e+07
1.392366230953339254e+02 1.388995700000000000e+07
1.392570575220015598e+02 1.335454100000000000e+07
1.392774918484356022e+02 1.286985100000000000e+07
1.392979263748638914e+02 1.242629300000000000e+07
1.393183608011822798e+02 1.201569500000000000e+07
1.393387952273769770e+02 1.161574600000000000e+07
1.393592295534617733e+02 1.122298700000000000e+07
1.393796640794316772e+02 1.085136800000000000e+07
1.394000985052844044e+02 1.053448700000000000e+07
1.394205328311290941e+02 1.030797700000000000e+07
1.394409673567497521e+02 1.018644000000000000e+07
1.394614017822459573e+02 1.014939100000000000e+07
1.394818361077486770e+02 1.016496300000000000e+07
1.395022705330193276e+02 1.020340700000000000e+07
1.395227050582907395e+02 1.026013500000000000e+07
1.395431393834369374e+02 1.034680500000000000e+07
1.395635738083583419e+02 1.027856900000000000e+07
1.395840083332732320e+02 1.002999000000000000e+07
1.396044426580774598e+02 9.783814000000000000e+06
1.396248770827660337e+02 9.984624000000000000e+06
1.396453115073381923e+02 1.198012100000000000e+07
1.396657460317874211e+02 1.565583800000000000e+07
1.396861803560095723e+02 1.814397400000000000e+07
1.397066147803489002e+02 1.803559000000000000e+07
1.397270492044481216e+02 1.681073600000000000e+07
1.397474836284382036e+02 1.574941600000000000e+07
1.397679180523118703e+02 1.494463200000000000e+07
1.397883524761782610e+02 1.429452500000000000e+07
1.398087868998190970e+02 1.372438300000000000e+07
1.398292213233435177e+02 1.320962600000000000e+07
1.398496557468606625e+02 1.274118700000000000e+07
1.398700901701522525e+02 1.231586400000000000e+07
1.398905245934438426e+02 1.191938200000000000e+07
1.399109590164953261e+02 1.154220100000000000e+07
1.399313934395540855e+02 1.118397500000000000e+07
1.399518279624899151e+02 1.085423100000000000e+07
1.399722622853150824e+02 1.057503400000000000e+07
1.399926967079081805e+02 1.037939300000000000e+07
1.400131310305005172e+02 1.030897800000000000e+07
1.400335655529706855e+02 1.030457600000000000e+07
1.400539999753309530e+02 1.026951100000000000e+07
1.400744343975675292e+02 1.018855800000000000e+07
1.400948688196949661e+02 1.015134700000000000e+07
1.401153032417059876e+02 1.011806800000000000e+07
1.401357376636005938e+02 1.003500300000000000e+07
1.401561719853707473e+02 9.929307000000000000e+06
1.401766065070332843e+02 9.894157000000000000e+06
1.401970409286877839e+02 1.048725800000000000e+07
1.402174752501159674e+02 1.292457200000000000e+07
1.402379097714292584e+02 1.715582200000000000e+07
1.402583441926253727e+02 1.864048800000000000e+07
1.402787785138134495e+02 1.781518800000000000e+07
1.402992129347767332e+02 1.643548400000000000e+07
1.403196474557335023e+02 1.539819200000000000e+07
1.403400817764631938e+02 1.459303800000000000e+07
1.403809506176912691e+02 1.340707400000000000e+07
1.404013851380659617e+02 1.292816700000000000e+07
1.404218194584464072e+02 1.249781100000000000e+07
1.404422538787111989e+02 1.210170200000000000e+07
1.404626883987366455e+02 1.172546000000000000e+07
1.404831227187678451e+02 1.135477700000000000e+07
1.405035571386833908e+02 1.099181900000000000e+07
1.405239914583580685e+02 1.065889400000000000e+07
1.405444259780415450e+02 1.038892700000000000e+07
1.405648603976078448e+02 1.022029800000000000e+07
1.405852948169340380e+02 1.015860500000000000e+07
1.406057292362675071e+02 1.017060700000000000e+07
1.406261636554845609e+02 1.022515600000000000e+07
1.406465980745779234e+02 1.029366200000000000e+07
1.406670323935613851e+02 1.038239100000000000e+07
1.406874669124299544e+02 1.039757400000000000e+07
1.407079013311740709e+02 1.021237100000000000e+07
1.407283356496918714e+02 9.975978000000000000e+06
1.407487701682111947e+02 9.939692000000000000e+06
1.407692045866060653e+02 1.127040300000000000e+07
1.407896389048910351e+02 1.422818000000000000e+07
1.408100733230603510e+02 1.687868400000000000e+07
1.408305078411067370e+02 1.770178400000000000e+07
1.408509422590432223e+02 1.699048600000000000e+07
1.408713765768625308e+02 1.595409000000000000e+07
1.408918109945589094e+02 1.512418400000000000e+07
1.409122455121469102e+02 1.444853100000000000e+07
1.409326798296169727e+02 1.386227100000000000e+07
1.409531142469641054e+02 1.333366400000000000e+07
1.409735487642028602e+02 1.285124900000000000e+07
1.409939830814400921e+02 1.240807200000000000e+07
1.410144174984379788e+02 1.200050900000000000e+07
1.410348519153267262e+02 1.162404300000000000e+07
1.410552863320990582e+02 1.128008800000000000e+07
1.410757207487476990e+02 1.097707400000000000e+07
1.410961551652872004e+02 1.072471200000000000e+07
1.411165895817102864e+02 1.053285900000000000e+07
1.411370239980096812e+02 1.042225600000000000e+07
1.411574584141999367e+02 1.041126900000000000e+07
1.411778927302730153e+02 1.044406500000000000e+07
1.411983272463403409e+02 1.042922800000000000e+07
1.412187616621813504e+02 1.038453600000000000e+07
1.412391959779051831e+02 1.036455600000000000e+07
1.412596304935068474e+02 1.023369100000000000e+07
1.412800649089986109e+02 1.001032700000000000e+07
1.413004992243731976e+02 9.810903000000000000e+06
1.413209336396248545e+02 9.934925000000000000e+06
1.413413681547681335e+02 1.144775900000000000e+07
1.413618025697942358e+02 1.552245600000000000e+07
1.413822368846958852e+02 1.842161000000000000e+07
1.414026712996055721e+02 1.824821400000000000e+07
1.414231058142831898e+02 1.683485000000000000e+07
1.414435402288363548e+02 1.565411100000000000e+07
1.414639745432796190e+02 1.480183700000000000e+07
1.414844090576079907e+02 1.412663400000000000e+07
1.415048434718119097e+02 1.357638800000000000e+07
1.415252777859059279e+02 1.310360000000000000e+07
1.415457121998842922e+02 1.267472900000000000e+07
1.415661466137389652e+02 1.227976100000000000e+07
1.415865811274852604e+02 1.190650600000000000e+07
1.416070154411136173e+02 1.153952600000000000e+07
1.416274499546198058e+02 1.117883600000000000e+07
1.416478843680160935e+02 1.083923200000000000e+07
1.416683186811787891e+02 1.055389900000000000e+07
1.416887530943349702e+02 1.036397500000000000e+07
1.417091876073827734e+02 1.029088600000000000e+07
1.417296219203126384e+02 1.029497400000000000e+07
1.417500563331195735e+02 1.032201600000000000e+07
1.417704908458181308e+02 1.034221300000000000e+07
1.417909251582823345e+02 1.035410200000000000e+07
1.418113595707400236e+02 1.041844000000000000e+07
1.418317939830885734e+02 1.032416100000000000e+07
1.418522283953207079e+02 1.007981300000000000e+07
1.418726628073127358e+02 9.942909000000000000e+06
1.418930972193120397e+02 1.061885800000000000e+07
1.419135317311956896e+02 1.322551800000000000e+07
1.419339660428377101e+02 1.607360800000000000e+07
1.419544004544877680e+02 1.749564200000000000e+07
1.419748347659042338e+02 1.710879000000000000e+07
1.419952692773149465e+02 1.606274300000000000e+07
1.420157036886157584e+02 1.515688400000000000e+07
1.420361379996829783e+02 1.444439000000000000e+07
1.420565724106272683e+02 1.385765700000000000e+07
1.420770069215795957e+02 1.334879400000000000e+07
1.420974413322983310e+02 1.289400300000000000e+07
1.421178756430163048e+02 1.247733800000000000e+07
1.421383101534956950e+02 1.209717400000000000e+07
1.421587445638651843e+02 1.174084000000000000e+07
1.421791788741102209e+02 1.140525000000000000e+07
1.421996132843632950e+02 1.109935500000000000e+07
1.422200477943842998e+02 1.083810500000000000e+07
1.422404821042873664e+02 1.063253500000000000e+07
1.422609165140675032e+02 1.049298800000000000e+07
1.422813510237392620e+02 1.044731600000000000e+07
1.423017853332858067e+02 1.053021700000000000e+07
1.423222197427239735e+02 1.059349000000000000e+07
1.423426541520457249e+02 1.052397900000000000e+07
1.423630886612445465e+02 1.043155900000000000e+07
1.423835229703327059e+02 1.036673000000000000e+07
1.424039573791887960e+02 1.019720900000000000e+07
1.424243918880383717e+02 9.979544000000000000e+06
1.424448261967772851e+02 9.942553000000000000e+06
1.424652606054005446e+02 1.071849700000000000e+07
1.424856949137902120e+02 1.335272400000000000e+07
1.425061294221741264e+02 1.709754000000000000e+07
1.425265638303317246e+02 1.799751600000000000e+07
1.425469982384820469e+02 1.708724800000000000e+07
1.425674325464060530e+02 1.592500900000000000e+07
1.425878670542151667e+02 1.501466800000000000e+07
1.426083014620235190e+02 1.425821500000000000e+07
1.426287357695910032e+02 1.371896000000000000e+07
1.426491702770508709e+02 1.323032800000000000e+07
1.426696046843862860e+02 1.278999200000000000e+07
1.426900389917282155e+02 1.238931500000000000e+07
1.427104733988380758e+02 1.202102600000000000e+07
1.427309079058322823e+02 1.167486800000000000e+07
1.427513422127012745e+02 1.134542600000000000e+07
1.427717766193454736e+02 1.103575700000000000e+07
1.427922111259831581e+02 1.075888800000000000e+07
1.428126454325101804e+02 1.054090200000000000e+07
1.428330798389215488e+02 1.041436700000000000e+07
1.428535142451000866e+02 1.039093300000000000e+07
1.428739487512721098e+02 1.042498800000000000e+07
1.428943830572170555e+02 1.045540400000000000e+07
1.429148174631627626e+02 1.045909800000000000e+07
1.429352519688691245e+02 1.046416500000000000e+07
1.429556862745812396e+02 1.037804300000000000e+07
1.429761206800612854e+02 1.013083300000000000e+07
1.429965549854168785e+02 9.882312000000000000e+06
1.430169894906648551e+02 9.995618000000000000e+06
1.430374238957956550e+02 1.176087800000000000e+07
1.430578583008027636e+02 1.521166600000000000e+07
1.430782927057007328e+02 1.719824000000000000e+07
1.430987271104822867e+02 1.724360600000000000e+07
1.431191615151401493e+02 1.626241100000000000e+07
1.431395959196888725e+02 1.531218700000000000e+07
1.431600303239974892e+02 1.455392200000000000e+07
1.431804647283133818e+02 1.393775400000000000e+07
1.432008990323956823e+02 1.341386100000000000e+07
1.432213334364787443e+02 1.295766200000000000e+07
1.432417679403224611e+02 1.254565800000000000e+07
1.432622023440562771e+02 1.216467400000000000e+07
1.432826367476664018e+02 1.181024800000000000e+07
1.433030711512838025e+02 1.148019500000000000e+07
1.433235055546683725e+02 1.118621000000000000e+07
1.433643742609638139e+02 1.075494300000000000e+07
1.433848087639998994e+02 1.061697700000000000e+07
1.434052431669115322e+02 1.053899800000000000e+07
1.434256774697132641e+02 1.058668500000000000e+07
1.434461119722836884e+02 1.069089000000000000e+07
1.434665463748533512e+02 1.069785400000000000e+07
1.434869806771821459e+02 1.063637400000000000e+07
1.435074150794025627e+02 1.058106400000000000e+07
1.435278495816164650e+02 1.041421900000000000e+07
1.435482839836040512e+02 1.014690600000000000e+07
1.435687182854744606e+02 1.000747400000000000e+07
1.435891527872299775e+02 1.026456000000000000e+07
1.436095871888610418e+02 1.193451900000000000e+07
1.436300214903822052e+02 1.544186600000000000e+07
1.436504558916712995e+02 1.755283600000000000e+07
1.436708903929538792e+02 1.729129000000000000e+07
1.436913246940093813e+02 1.617498100000000000e+07
1.437117590950656449e+02 1.521883200000000000e+07
1.437321934958818019e+02 1.445283000000000000e+07
1.437526278965888196e+02 1.384236800000000000e+07
1.437730622971794219e+02 1.333998700000000000e+07
1.437934966977627482e+02 1.291172000000000000e+07
1.438139310981205199e+02 1.253026300000000000e+07
1.438343654982454609e+02 1.218137700000000000e+07
1.438547998983631260e+02 1.185207200000000000e+07
1.438752341983708902e+02 1.152954400000000000e+07
1.438956686981473467e+02 1.121627600000000000e+07
1.439161030979157658e+02 1.093002600000000000e+07
1.439365373974578688e+02 1.069866600000000000e+07
1.439569718970014947e+02 1.055955700000000000e+07
1.439774062963042525e+02 1.055048500000000000e+07
1.439978405954971095e+02 1.061311600000000000e+07
1.440182749945743126e+02 1.064188800000000000e+07
1.440387094935285859e+02 1.060549800000000000e+07
1.440591438922565430e+02 1.052248900000000000e+07
1.440795781909837388e+02 1.043067800000000000e+07
1.441000126895887661e+02 1.020741200000000000e+07
1.441204470879674773e+02 9.924588000000000000e+06
1.441408813862290117e+02 9.846293000000000000e+06
1.441613157844840316e+02 1.074064800000000000e+07
1.441817502825142583e+02 1.381724000000000000e+07
1.442021845804265467e+02 1.652823400000000000e+07
1.442226189782159054e+02 1.739805400000000000e+07
1.442430534757804708e+02 1.672515400000000000e+07
1.442634877733435133e+02 1.570783800000000000e+07
1.442839221707836259e+02 1.484640300000000000e+07
1.443043565679981839e+02 1.415664500000000000e+07
1.443247909650963265e+02 1.358316100000000000e+07
1.443452253621871932e+02 1.308906800000000000e+07
1.443656597590525053e+02 1.264625700000000000e+07
1.443860940558006405e+02 1.224365600000000000e+07
1.444065285524266073e+02 1.188124100000000000e+07
1.444269629488262581e+02 1.155702800000000000e+07
1.444473972452251473e+02 1.127613100000000000e+07
1.444678317415018682e+02 1.104166200000000000e+07
1.444882661375522730e+02 1.085459400000000000e+07
1.445087004334855010e+02 1.071444300000000000e+07
1.445291348292957991e+02 1.062374400000000000e+07
1.445495693249977194e+02 1.060318500000000000e+07
1.445700037205824628e+02 1.068059200000000000e+07
1.445904380160500295e+02 1.078195900000000000e+07
1.446108725113954279e+02 1.075257300000000000e+07
1.446313069065145100e+02 1.060676200000000000e+07
1.446517412016255548e+02 1.040610300000000000e+07
1.446721755965118064e+02 1.015318300000000000e+07
1.446926100912824040e+02 9.946901000000000000e+06
1.447130443859277875e+02 1.007221300000000000e+07
1.447334787804647931e+02 1.110145100000000000e+07
1.447539132748861448e+02 1.398267600000000000e+07
1.447743475691822823e+02 1.653433900000000000e+07
1.447947819632536266e+02 1.686008000000000000e+07
1.448152163573249709e+02 1.618921400000000000e+07
1.448356508511569700e+02 1.527851200000000000e+07
1.448560851448783069e+02 1.450179200000000000e+07
1.448765195384839899e+02 1.388667800000000000e+07
1.448969539319659816e+02 1.339354200000000000e+07
1.449173883252224186e+02 1.298258800000000000e+07
1.449378227184788557e+02 1.262064600000000000e+07
1.449582571114951861e+02 1.228850800000000000e+07
1.449786916045195539e+02 1.197345300000000000e+07
1.449991258973095682e+02 1.167334700000000000e+07
1.450195602900930680e+02 1.138921600000000000e+07
1.450399946826510131e+02 1.113082600000000000e+07
1.450604290749761276e+02 1.090681300000000000e+07
1.450808634672939661e+02 1.073897800000000000e+07
1.451012978593862499e+02 1.066995600000000000e+07
1.451217323514792952e+02 1.071135400000000000e+07
1.451421666433307109e+02 1.078175000000000000e+07
1.451626010349573335e+02 1.079820600000000000e+07
1.451830353265831945e+02 1.073602800000000000e+07
1.452034698182033026e+02 1.060177600000000000e+07
1.452239042093642638e+02 1.035332500000000000e+07
1.452443385007572942e+02 1.005951600000000000e+07
1.452647729916789103e+02 9.849979000000000000e+06
1.452852073826070409e+02 1.006560600000000000e+07
1.453056417735351715e+02 1.201585500000000000e+07
1.453260760642297100e+02 1.530972700000000000e+07
1.453465105546856648e+02 1.703768800000000000e+07
1.453669449451481341e+02 1.676429300000000000e+07
1.453873792353697354e+02 1.583983700000000000e+07
1.454078137256001355e+02 1.498992200000000000e+07
1.454282481155969435e+02 1.429178600000000000e+07
1.454486824053601595e+02 1.371555800000000000e+07
1.454691167951168609e+02 1.323206700000000000e+07
1.454895512848815997e+02 1.281277400000000000e+07
1.455099855741718784e+02 1.243488600000000000e+07
1.455304199634701945e+02 1.208539900000000000e+07
1.455508543527685106e+02 1.176073000000000000e+07
1.455712888418274815e+02 1.146327000000000000e+07
1.455917231306593749e+02 1.120502700000000000e+07
1.456121575194920297e+02 1.100127600000000000e+07
1.456325920083181700e+02 1.086053300000000000e+07
1.456530262966844020e+02 1.077747000000000000e+07
1.456734606850513956e+02 1.075182900000000000e+07
1.456938949734176276e+02 1.081828200000000000e+07
1.457143294615452760e+02 1.092680400000000000e+07
1.457347638494466082e+02 1.090797700000000000e+07
1.457551982373406645e+02 1.074578600000000000e+07
1.457756326250091661e+02 1.053333200000000000e+07
1.457960670126776677e+02 1.025583100000000000e+07
1.458165014001133386e+02 9.964106000000000000e+06
1.458369356873081415e+02 9.882836000000000000e+06
1.458573701745117432e+02 1.048329300000000000e+07
1.458778045614744769e+02 1.258071500000000000e+07
1.458982388484437251e+02 1.558283000000000000e+07
1.459186733351816656e+02 1.685629400000000000e+07
1.459391077219188446e+02 1.648035600000000000e+07
1.459595420084151556e+02 1.554159800000000000e+07
1.459799763946866733e+02 1.474590400000000000e+07
1.460004108809516765e+02 1.408276300000000000e+07
1.460208452669903636e+02 1.355087200000000000e+07
1.460412795530282892e+02 1.311339300000000000e+07
1.460617140388349071e+02 1.273789200000000000e+07
1.460821484244006569e+02 1.240129300000000000e+07
1.461025827099729213e+02 1.209406200000000000e+07
1.461230170953131164e+02 1.181432000000000000e+07
1.461434515806467971e+02 1.155555100000000000e+07
1.461638858657534001e+02 1.131388100000000000e+07
1.461843202506279340e+02 1.108857300000000000e+07
1.462047546354951919e+02 1.089051900000000000e+07
1.462251890201368951e+02 1.075867900000000000e+07
1.462456234047785983e+02 1.076936400000000000e+07
1.462660577891801950e+02 1.088555800000000000e+07
1.462864921735890675e+02 1.094094600000000000e+07
1.463069265577651095e+02 1.085104800000000000e+07
1.463477952256434946e+02 1.041639900000000000e+07
1.463682297093473608e+02 1.012050600000000000e+07
1.463886640928249108e+02 9.856832000000000000e+06
1.464090983763016993e+02 9.845059000000000000e+06
1.464295328597800108e+02 1.084955300000000000e+07
1.464499672427846235e+02 1.414061000000000000e+07
1.464704015260285814e+02 1.630951100000000000e+07
1.464908360088011250e+02 1.666977300000000000e+07
1.465112703915801831e+02 1.592164400000000000e+07
1.465317047743592411e+02 1.508092700000000000e+07
1.465521390566718765e+02 1.438368200000000000e+07
1.465725735392115894e+02 1.381946200000000000e+07
1.465930079212921555e+02 1.334715000000000000e+07
1.466134423033654457e+02 1.293685600000000000e+07
1.466338765854452504e+02 1.256555000000000000e+07
1.466543110670609167e+02 1.221966800000000000e+07
1.466747454489086522e+02 1.190213600000000000e+07
1.466951797302826890e+02 1.161536300000000000e+07
1.467156142116655246e+02 1.136633400000000000e+07
1.467360485930403229e+02 1.116110500000000000e+07
1.467564829739567358e+02 1.100444200000000000e+07
1.467769172551052179e+02 1.089075700000000000e+07
1.467973517357895616e+02 1.082365100000000000e+07
1.468177861164658680e+02 1.082239400000000000e+07
1.468382203969158581e+02 1.090868800000000000e+07
1.468586547773666098e+02 1.097542600000000000e+07
1.468790892578108469e+02 1.089130800000000000e+07
1.468995235377951758e+02 1.068569900000000000e+07
1.469199579177802661e+02 1.041052900000000000e+07
1.469403923975260113e+02 1.011022900000000000e+07
1.469608266772775096e+02 9.910904000000000000e+06
1.469812610567969386e+02 1.006652200000000000e+07
1.470016954363090917e+02 1.133253100000000000e+07
1.470221298155956902e+02 1.428215900000000000e+07
1.470425641946494579e+02 1.617432900000000000e+07
1.470629985736959497e+02 1.636620200000000000e+07
1.470834330525176483e+02 1.570804700000000000e+07
1.471038673313378240e+02 1.491162400000000000e+07
1.471243017099186545e+02 1.423998700000000000e+07
1.471447359882731689e+02 1.370735500000000000e+07
1.471651704666292062e+02 1.327054500000000000e+07
1.471856048447443754e+02 1.289614500000000000e+07
1.472060391226332285e+02 1.256032900000000000e+07
1.472264736005236045e+02 1.225478600000000000e+07
1.472469079784059431e+02 1.197363100000000000e+07
1.472673423558298964e+02 1.171482100000000000e+07
1.472877766332530882e+02 1.147713500000000000e+07
1.473082111106705270e+02 1.126610000000000000e+07
1.473286454878616496e+02 1.108389200000000000e+07
1.473490797648191801e+02 1.094617100000000000e+07
1.473695141415373655e+02 1.091821200000000000e+07
1.473899486182635883e+02 1.098396600000000000e+07
1.474103828949882882e+02 1.099666300000000000e+07
1.474308172714736429e+02 1.091247100000000000e+07
1.474512517477342044e+02 1.074493500000000000e+07
1.474716860237604124e+02 1.051771100000000000e+07
1.474921203997801058e+02 1.021233000000000000e+07
1.475125547758070752e+02 9.931232000000000000e+06
1.475329892516019754e+02 9.798805000000000000e+06
1.475534235271552461e+02 1.015362500000000000e+07
1.475738579024837236e+02 1.230708700000000000e+07
1.475942923778129625e+02 1.548258200000000000e+07
1.476147266529005719e+02 1.639525700000000000e+07
1.476351610279962188e+02 1.617953300000000000e+07
1.476555953028582735e+02 1.539615800000000000e+07
1.476760297774817445e+02 1.465411100000000000e+07
1.476964641521117301e+02 1.405077600000000000e+07
1.477168984265081235e+02 1.355701200000000000e+07
1.477373329008987639e+02 1.313444300000000000e+07
1.477577672750630882e+02 1.275812700000000000e+07
1.477782016489945818e+02 1.241117400000000000e+07
1.477986359229253139e+02 1.208752900000000000e+07
1.478190703966174624e+02 1.179490700000000000e+07
1.478395047703161254e+02 1.153950800000000000e+07
1.478599390435410896e+02 1.132466700000000000e+07
1.478803734170069220e+02 1.115498000000000000e+07
1.479212421629999881e+02 1.093797000000000000e+07
1.479416765360001591e+02 1.090587800000000000e+07
1.479621110085354303e+02 1.097281200000000000e+07
1.479825452812947333e+02 1.106037400000000000e+07
1.480029796535964124e+02 1.098833500000000000e+07
1.480234140258980915e+02 1.075477800000000000e+07
1.480438484979604254e+02 1.046579500000000000e+07
1.480642827700285125e+02 1.015907200000000000e+07
1.480847171418645303e+02 9.898982000000000000e+06
1.481051516134612029e+02 9.876471000000000000e+06
1.481255858850636287e+02 1.056469100000000000e+07
1.481460202564339852e+02 1.282001300000000000e+07
1.481664546277970658e+02 1.533337000000000000e+07
1.481868889989345917e+02 1.595064200000000000e+07
1.482073233698392869e+02 1.566077100000000000e+07
1.482277577407367062e+02 1.504499500000000000e+07
1.482481922114093322e+02 1.441621800000000000e+07
1.482686264818476047e+02 1.389051800000000000e+07
1.482890608522793627e+02 1.345343900000000000e+07
1.483094952224855660e+02 1.308276700000000000e+07
1.483299295924589387e+02 1.274804400000000000e+07
1.483503639624250354e+02 1.243554700000000000e+07
1.483707983323984081e+02 1.214237800000000000e+07
1.483912326019053580e+02 1.188061600000000000e+07
1.484116670714065549e+02 1.165366500000000000e+07
1.484321014409142663e+02 1.145348300000000000e+07
1.484525358099563164e+02 1.126833500000000000e+07
1.484729701789910905e+02 1.110038900000000000e+07
1.484934045480331406e+02 1.098857700000000000e+07
1.485138389168423600e+02 1.098649500000000000e+07
1.485342731854179874e+02 1.103321800000000000e+07
1.485547076539878617e+02 1.101566400000000000e+07
1.485751420223314199e+02 1.089375900000000000e+07
1.485955762904341100e+02 1.066298500000000000e+07
1.486160107585455989e+02 1.035098200000000000e+07
1.486364451264234958e+02 1.005861600000000000e+07
1.486568793940678006e+02 9.837386000000000000e+06
1.486773137617055909e+02 9.838131000000000000e+06
1.486977482291185879e+02 1.086854100000000000e+07
1.487181824965227861e+02 1.413623900000000000e+07
1.487386168634693604e+02 1.574898500000000000e+07
1.487590513306495268e+02 1.606566700000000000e+07
1.487794856973559945e+02 1.552109700000000000e+07
1.487999199640689767e+02 1.485872300000000000e+07
1.488203543307827204e+02 1.428563400000000000e+07
1.488407887970242882e+02 1.380247600000000000e+07
1.488612230632716091e+02 1.338505100000000000e+07
1.488816574295196915e+02 1.300702100000000000e+07
1.489020918955284287e+02 1.265168400000000000e+07
1.489225261613100884e+02 1.231578200000000000e+07
1.489429605268596788e+02 1.200991700000000000e+07
1.489633948924019933e+02 1.174196500000000000e+07
1.489838292579515837e+02 1.151959200000000000e+07
1.490042636230355129e+02 1.134450300000000000e+07
1.490246979881194420e+02 1.120516800000000000e+07
1.490451322529625031e+02 1.109101300000000000e+07
1.490655667178143631e+02 1.100968600000000000e+07
1.490860010824253550e+02 1.099133200000000000e+07
1.491064353470428614e+02 1.105361600000000000e+07
1.491268698111962294e+02 1.105727600000000000e+07
1.491473041753488360e+02 1.087749500000000000e+07
1.491677384394934052e+02 1.059016900000000000e+07
1.491881728034131811e+02 1.027287400000000000e+07
1.492086072670936119e+02 9.971955000000000000e+06
1.492290416307805572e+02 9.795956000000000000e+06
1.492494758940010797e+02 1.000729400000000000e+07
1.492699103574559558e+02 1.139320300000000000e+07
1.492903447204371332e+02 1.420517600000000000e+07
1.493312133464132785e+02 1.568772700000000000e+07
1.493516478089295560e+02 1.527654300000000000e+07
1.493720820714515867e+02 1.470875400000000000e+07
1.493925164339743787e+02 1.417578400000000000e+07
1.494129508962578257e+02 1.370729700000000000e+07
1.494333851583141950e+02 1.330425200000000000e+07
1.494538195201384951e+02 1.295046700000000000e+07
1.494742538819555193e+02 1.262658400000000000e+07
1.494946882435469888e+02 1.232930900000000000e+07
1.495151226051384583e+02 1.206426200000000000e+07
1.495355569662569906e+02 1.182826800000000000e+07
1.495559914276163909e+02 1.162204800000000000e+07
1.495764256885013310e+02 1.143894200000000000e+07
1.495968600493943086e+02 1.127556000000000000e+07
1.496172943100536941e+02 1.115392600000000000e+07
1.496377287707146024e+02 1.114318800000000000e+07
1.496581631311346428e+02 1.118322100000000000e+07
1.496785973913283669e+02 1.113650900000000000e+07
1.496990317515228526e+02 1.097259500000000000e+07
1.497194662114779931e+02 1.072097100000000000e+07
1.497399005712068174e+02 1.041389800000000000e+07
1.497603348309348803e+02 1.009841300000000000e+07
1.497807692904243595e+02 9.856456000000000000e+06
1.498012036499203532e+02 9.776147000000000000e+06
1.498216379089499242e+02 1.019499500000000000e+07
1.498420722679729806e+02 1.248208400000000000e+07
1.498625067270040745e+02 1.500214200000000000e+07
1.498829410858015763e+02 1.566342300000000000e+07
1.499033753443582100e+02 1.542986900000000000e+07
1.499238098026908119e+02 1.494517500000000000e+07
1.499442441610153764e+02 1.446484300000000000e+07
1.499646785191143863e+02 1.404889500000000000e+07
1.499851127772126347e+02 1.367660500000000000e+07
1.500055472350795753e+02 1.331780700000000000e+07
1.500259815927056479e+02 1.296336600000000000e+07
1.500464158501054044e+02 1.261352300000000000e+07
1.500668503074994078e+02 1.227627900000000000e+07
1.500872846646670951e+02 1.197360100000000000e+07
1.501077189218340209e+02 1.172318800000000000e+07
1.501281532787688775e+02 1.152148600000000000e+07
1.501485877354643890e+02 1.135477800000000000e+07
1.501690219921656535e+02 1.121638500000000000e+07
1.501894563486348488e+02 1.110956000000000000e+07
1.502098908048646990e+02 1.105555800000000000e+07
1.502303250611003023e+02 1.109101600000000000e+07
1.502507594171038363e+02 1.113920400000000000e+07
1.502711937728672638e+02 1.102597300000000000e+07
1.502916282284058980e+02 1.075911200000000000e+07
1.503120624839430093e+02 1.046657800000000000e+07
1.503324968394736061e+02 1.011623400000000000e+07
1.503529310945450561e+02 9.843384000000000000e+06
1.503733655496180290e+02 9.753900000000000000e+06
1.503937999046829646e+02 1.039117100000000000e+07
1.504142341592887533e+02 1.260801700000000000e+07
1.504346686138960649e+02 1.477958000000000000e+07
1.504551029684953392e+02 1.531832700000000000e+07
1.504755373226362281e+02 1.532772300000000000e+07
1.504959715767763555e+02 1.494973200000000000e+07
1.505164060309107299e+02 1.454741900000000000e+07
1.505368403845859575e+02 1.409198400000000000e+07
1.505572746382604237e+02 1.367184300000000000e+07
1.505777090919291368e+02 1.328736600000000000e+07
1.505981434451387031e+02 1.293110000000000000e+07
1.506185776983475080e+02 1.259788000000000000e+07
1.506390120515497983e+02 1.229278000000000000e+07
1.506594465042944648e+02 1.202694300000000000e+07
1.506798807570376084e+02 1.180393900000000000e+07
1.507003151097742375e+02 1.161249600000000000e+07
1.507207495620532427e+02 1.143168300000000000e+07
1.507411839143314864e+02 1.125586100000000000e+07
1.507616181666016928e+02 1.112790700000000000e+07
1.507820525184142753e+02 1.110562200000000000e+07
1.508024869702276192e+02 1.110102200000000000e+07
1.508229212220321642e+02 1.099413600000000000e+07
1.508433555733790854e+02 1.078252600000000000e+07
1.508637900247267680e+02 1.050709900000000000e+07
1.508842242760656518e+02 1.017698200000000000e+07
1.509046586269469117e+02 9.871495000000000000e+06
1.509250929778281716e+02 9.675499000000000000e+06
1.509455273284693249e+02 9.761458000000000000e+06
1.509659616791177541e+02 1.098278400000000000e+07
1.509863960295333527e+02 1.374600400000000000e+07
1.510068302797153592e+02 1.549543500000000000e+07
1.510272647298916127e+02 1.538847500000000000e+07
1.510476990798415500e+02 1.505986400000000000e+07
1.510681333295506192e+02 1.462612100000000000e+07
1.510885677792684874e+02 1.422029400000000000e+07
1.511090021287527634e+02 1.383876400000000000e+07
1.511294363779961714e+02 1.348477500000000000e+07
1.511498707270147861e+02 1.314856700000000000e+07
1.511703051760341623e+02 1.282155800000000000e+07
1.511907394248119090e+02 1.250474500000000000e+07
1.512111737735976931e+02 1.221276000000000000e+07
1.512316082221514080e+02 1.196605800000000000e+07
1.512520425704642548e+02 1.178044200000000000e+07
1.512724768185507855e+02 1.163507600000000000e+07
1.512929111666380777e+02 1.149117700000000000e+07
1.513133456144860247e+02 1.133556400000000000e+07
1.513337798623397248e+02 1.120325800000000000e+07
1.513542142097285250e+02 1.113625400000000000e+07
1.513746486573436414e+02 1.112424600000000000e+07
1.513950829044988495e+02 1.103968400000000000e+07
1.514155172516548191e+02 1.079611100000000000e+07
1.514359515985706821e+02 1.048586400000000000e+07
1.514563859452609904e+02 1.020671000000000000e+07
1.514768202919512987e+02 9.932483000000000000e+06
1.514972546384015004e+02 9.735169000000000000e+06
1.515176889846261474e+02 9.898927000000000000e+06
1.515381233308507944e+02 1.124031700000000000e+07
1.515585576768353349e+02 1.376098100000000000e+07
1.515789920225943206e+02 1.465607300000000000e+07
1.515994264683540678e+02 1.487807300000000000e+07
1.516198607138721854e+02 1.491818600000000000e+07
1.516402950591655099e+02 1.477423100000000000e+07
1.516811637492792215e+02 1.404200800000000000e+07
1.517015980941068847e+02 1.363929100000000000e+07
1.517220324389345478e+02 1.324959400000000000e+07
1.517424667835221044e+02 1.288758400000000000e+07
1.517629011278841062e+02 1.256735700000000000e+07
1.517833354720132775e+02 1.229279000000000000e+07
1.518037697161344113e+02 1.206064800000000000e+07
1.518242041600315133e+02 1.186366500000000000e+07
1.518446385036950232e+02 1.168387100000000000e+07
1.518650727473577717e+02 1.150591300000000000e+07
1.518855071907819365e+02 1.134091400000000000e+07
1.519059415339797852e+02 1.124832100000000000e+07
1.519263757771695964e+02 1.119888700000000000e+07
1.519468101201346144e+02 1.108896600000000000e+07
1.519672445628675632e+02 1.088534700000000000e+07
1.519876789055924746e+02 1.060350900000000000e+07
1.520081131478582392e+02 1.027947300000000000e+07
1.520285475903583574e+02 9.948801000000000000e+06
1.520489819323847769e+02 9.669876000000000000e+06
1.520694161744177109e+02 9.543943000000000000e+06
1.520898505162185756e+02 9.947891000000000000e+06
1.521102849577800953e+02 1.218686500000000000e+07
1.521307191993473680e+02 1.477809300000000000e+07
1.521511535406825715e+02 1.515138400000000000e+07
1.521715878817776684e+02 1.514169600000000000e+07
1.521920222228800412e+02 1.495909600000000000e+07
1.522124565637495834e+02 1.467470500000000000e+07
1.522328909043862950e+02 1.431573000000000000e+07
1.522533253450164921e+02 1.392250500000000000e+07
1.522737595854196115e+02 1.352814400000000000e+07
1.523146281655208440e+02 1.280502800000000000e+07
1.523350626054598251e+02 1.248273100000000000e+07
1.523554969451652141e+02 1.219671800000000000e+07
1.523759311846297351e+02 1.195087100000000000e+07
1.523963656241030549e+02 1.173547600000000000e+07
1.524167999633355066e+02 1.153258200000000000e+07
1.524372343023424037e+02 1.133403600000000000e+07
1.524576685413485393e+02 1.115517100000000000e+07
1.524781029801233672e+02 1.103421300000000000e+07
1.524985373186573270e+02 1.098797200000000000e+07
1.525189715571978013e+02 1.094309000000000000e+07
1.525394059952668613e+02 1.079905700000000000e+07
1.525598403333424358e+02 1.054388200000000000e+07
1.525802745714172488e+02 1.027114100000000000e+07
1.526007089092599927e+02 1.004146000000000000e+07
1.526211433468633913e+02 9.810334000000000000e+06
1.526415775842397125e+02 9.737463000000000000e+06
1.526824462585209403e+02 1.272079000000000000e+07
1.527028805956651922e+02 1.435522900000000000e+07
1.527233149323437829e+02 1.466513800000000000e+07
1.527437492690150975e+02 1.483240600000000000e+07
1.527641837054616190e+02 1.489087400000000000e+07
1.527846179416665109e+02 1.469175900000000000e+07
1.528050522778794402e+02 1.431148400000000000e+07
1.528254865138587775e+02 1.390130000000000000e+07
1.528459209496068070e+02 1.350429100000000000e+07
1.528663552853467991e+02 1.313936800000000000e+07
1.528867895208604750e+02 1.280821200000000000e+07
1.529072239561355673e+02 1.250715800000000000e+07
1.529276582911843434e+02 1.224255100000000000e+07
1.529480926262331195e+02 1.201683000000000000e+07
1.529685268610483035e+02 1.182800600000000000e+07
1.529889612956249039e+02 1.166345500000000000e+07
1.530093956302080187e+02 1.150815500000000000e+07
1.530298298645575414e+02 1.136125100000000000e+07
1.530502642986684805e+02 1.124923200000000000e+07
1.530706986327859340e+02 1.113539800000000000e+07
1.530911328664369648e+02 1.096930700000000000e+07
1.531115672000814811e+02 1.072636200000000000e+07
1.531320016337340348e+02 1.043293900000000000e+07
1.531524358671522350e+02 1.012501700000000000e+07
1.531728702000982594e+02 9.830207000000000000e+06
1.531933045332843903e+02 9.591291000000000000e+06
1.532137389660056215e+02 9.606541000000000000e+06
1.532341732987188152e+02 1.057879800000000000e+07
1.532546075312056928e+02 1.330625700000000000e+07
1.532750419636868173e+02 1.443609100000000000e+07
1.532954762957087951e+02 1.462359200000000000e+07
1.533159105277300114e+02 1.481371300000000000e+07
1.533363448597519891e+02 1.484141900000000000e+07
1.533567791913010296e+02 1.465604800000000000e+07
1.533772135228573461e+02 1.434252500000000000e+07
1.533976478541808319e+02 1.395828100000000000e+07
1.534180822852649726e+02 1.354857500000000000e+07
1.534385166163556278e+02 1.315582600000000000e+07
1.534589508472126909e+02 1.281347800000000000e+07
1.534793851778304088e+02 1.252034400000000000e+07
1.534998196084561641e+02 1.227117000000000000e+07
1.535202538388475659e+02 1.205304000000000000e+07
1.535406881689996226e+02 1.184896500000000000e+07
1.535611225989268860e+02 1.163518400000000000e+07
1.535815568288526265e+02 1.140043800000000000e+07
1.536019911585390219e+02 1.118486300000000000e+07
1.536224254879998625e+02 1.105444100000000000e+07
1.536428598174607032e+02 1.097531200000000000e+07
1.536632941466814373e+02 1.084855100000000000e+07
1.536837284756766167e+02 1.062609500000000000e+07
1.537041627044382039e+02 1.033814300000000000e+07
1.537245971331940382e+02 1.007216600000000000e+07
1.537450314617235563e+02 9.824303000000000000e+06
1.537654656900194823e+02 9.640539000000000000e+06
1.537859001183096552e+02 9.854552000000000000e+06
1.538063344461406814e+02 1.123116200000000000e+07
1.538267686742037768e+02 1.348139100000000000e+07
1.538472030017946963e+02 1.423393100000000000e+07
1.538676374293936533e+02 1.446019500000000000e+07
1.538880716565254261e+02 1.496630400000000000e+07
1.539085059838835150e+02 1.514390900000000000e+07
1.539289404107839800e+02 1.485220300000000000e+07
1.539493747376836836e+02 1.440285300000000000e+07
1.539698089643425192e+02 1.394637300000000000e+07
1.539902432907765615e+02 1.350974400000000000e+07
1.540106777172113652e+02 1.311307800000000000e+07
1.540311119434045395e+02 1.276832200000000000e+07
1.540515462693729205e+02 1.247373400000000000e+07
1.540719806951092323e+02 1.222312300000000000e+07
1.540924149208367453e+02 1.200056900000000000e+07
1.541128492463394650e+02 1.178693500000000000e+07
1.541332835716093541e+02 1.157531900000000000e+07
1.541537178968719672e+02 1.138315900000000000e+07
1.541741522216761950e+02 1.123388000000000000e+07
1.541945865464804228e+02 1.108931400000000000e+07
1.542150208712773747e+02 1.089506400000000000e+07
1.542354551956159412e+02 1.068324000000000000e+07
1.542558895199545077e+02 1.046808600000000000e+07
1.542763237440522062e+02 1.022982700000000000e+07
1.542967581681587035e+02 9.941535000000000000e+06
1.543171924920316087e+02 9.636317000000000000e+06
1.543376267156636459e+02 9.462569000000000000e+06
1.543580610390708898e+02 9.854683000000000000e+06
1.543784954622460646e+02 1.173965900000000000e+07
1.543989296854124404e+02 1.394926300000000000e+07
1.544193640083540231e+02 1.438704500000000000e+07
1.544397984310635366e+02 1.469628700000000000e+07
1.544602327537650126e+02 1.501691900000000000e+07
1.544806669762401725e+02 1.500628000000000000e+07
1.545011012984832632e+02 1.471371100000000000e+07
1.545215357204870088e+02 1.433296300000000000e+07
1.545419699424965074e+02 1.392184500000000000e+07
1.545624042642739369e+02 1.350608000000000000e+07
1.545828386858120211e+02 1.311551300000000000e+07
1.546032729073558585e+02 1.278121000000000000e+07
1.546237072284347960e+02 1.249636200000000000e+07
1.546441415495064575e+02 1.225332300000000000e+07
1.546645758705853950e+02 1.203027600000000000e+07
1.546850101911986712e+02 1.179269300000000000e+07
1.547054445118046715e+02 1.151887900000000000e+07
1.547258789321858785e+02 1.124579100000000000e+07
1.547463131523327320e+02 1.104619900000000000e+07
1.547667474724730710e+02 1.091289400000000000e+07
1.547871817923878552e+02 1.077101600000000000e+07
1.548076161120698089e+02 1.058168500000000000e+07
1.548280504315116559e+02 1.035886500000000000e+07
1.548484846509600175e+02 1.012661600000000000e+07
1.548689190701770713e+02 9.896636000000000000e+06
1.548893533891532570e+02 9.690793000000000000e+06
1.549097877081367187e+02 9.652347000000000000e+06
1.549302220266545191e+02 1.033463300000000000e+07
1.549506563451650436e+02 1.229652500000000000e+07
1.549710906634500134e+02 1.373870200000000000e+07
1.549915249817349832e+02 1.402247000000000000e+07
1.550119591997790849e+02 1.471348600000000000e+07
1.550323936175991548e+02 1.530998800000000000e+07
1.550528279351856327e+02 1.526840900000000000e+07
1.550732621525385184e+02 1.486209500000000000e+07
1.550936965698856511e+02 1.435941200000000000e+07
1.551141308870064677e+02 1.385846600000000000e+07
1.551345651041192468e+02 1.341545300000000000e+07
1.551549994207744021e+02 1.303624900000000000e+07
1.551754338374303188e+02 1.271861700000000000e+07
1.551958681538453675e+02 1.245004100000000000e+07
1.552163023700341000e+02 1.218726900000000000e+07
1.552367366862235940e+02 1.198274200000000000e+07
1.552571711021737428e+02 1.176005200000000000e+07
1.552980396333878161e+02 1.134158800000000000e+07
1.553184740488723037e+02 1.115246600000000000e+07
1.553389082641297136e+02 1.097264300000000000e+07
1.553593425791550544e+02 1.079017800000000000e+07
1.553797768939402886e+02 1.058067300000000000e+07
1.554002112087327987e+02 1.035200900000000000e+07
1.554206455232924782e+02 1.009852400000000000e+07
1.554410798376193270e+02 9.761408000000000000e+06
1.554615142517068307e+02 9.485620000000000000e+06
1.554819484658000874e+02 9.431698000000000000e+06
1.555023827796539990e+02 1.019461700000000000e+07
1.555228169932815945e+02 1.248666200000000000e+07
1.555432514066778822e+02 1.376658200000000000e+07
1.555841199332280667e+02 1.489048200000000000e+07
1.556045543461586931e+02 1.539062200000000000e+07
1.556249886588484515e+02 1.533970700000000000e+07
1.556454229715454858e+02 1.497143100000000000e+07
1.556658571840089280e+02 1.449241600000000000e+07
1.556862915962410625e+02 1.400487500000000000e+07
1.557067259084651596e+02 1.355642700000000000e+07
1.557271601202301099e+02 1.316389900000000000e+07
1.557475944319958217e+02 1.283478300000000000e+07
1.557680288435221883e+02 1.254837700000000000e+07
1.557884630550543079e+02 1.224634600000000000e+07
1.558088973661215277e+02 1.201015600000000000e+07
1.558293317771822331e+02 1.171588700000000000e+07
1.558497659880158608e+02 1.139157300000000000e+07
1.558702002988502500e+02 1.108446400000000000e+07
1.558906346092117019e+02 1.086792400000000000e+07
1.559110690195811912e+02 1.071987800000000000e+07
1.559315032297163270e+02 1.055368800000000000e+07
1.559519375398449483e+02 1.035321100000000000e+07
1.559723719497487764e+02 1.014183000000000000e+07
1.559928061591781443e+02 9.889807000000000000e+06
1.560132404686155496e+02 9.611347000000000000e+06
1.560336746780521935e+02 9.418608000000000000e+06
1.560541090870246990e+02 9.660368000000000000e+06
1.560745433959891670e+02 1.103316700000000000e+07
1.560949777047280804e+02 1.305131200000000000e+07
1.561154120134597179e+02 1.384408000000000000e+07
1.561358463217329700e+02 1.451955200000000000e+07
1.561562806300062221e+02 1.569330600000000000e+07
1.561767148380458821e+02 1.608545200000000000e+07
1.561971492458469584e+02 1.557515400000000000e+07
1.562175835536545492e+02 1.491054300000000000e+07
1.562380177612285479e+02 1.429691400000000000e+07
1.562584520685632015e+02 1.375823800000000000e+07
1.562788864756730618e+02 1.328977500000000000e+07
1.562993206827813992e+02 1.289021700000000000e+07
1.563197549894175609e+02 1.255449500000000000e+07
1.563401893960617599e+02 1.226569600000000000e+07
1.563606236024716054e+02 1.200759600000000000e+07
1.563810579088749364e+02 1.175998000000000000e+07
1.564014922150527127e+02 1.150953200000000000e+07
1.564219266209984198e+02 1.127841200000000000e+07
1.564423608267024974e+02 1.106812400000000000e+07
1.564627951321817818e+02 1.086748900000000000e+07
1.564832295376545517e+02 1.066749700000000000e+07
1.565036637429002440e+02 1.048584300000000000e+07
1.565240980479138670e+02 1.032171500000000000e+07
1.565445323526946595e+02 1.015271300000000000e+07
1.565649666574681760e+02 9.970656000000000000e+06
1.565854009620161378e+02 9.758587000000000000e+06
1.566058352663312689e+02 9.535828000000000000e+06
1.566262695704062935e+02 9.800626000000000000e+06
1.566467038742557634e+02 1.116747300000000000e+07
1.566671381781052332e+02 1.300024200000000000e+07
1.566875724817145965e+02 1.339004200000000000e+07
1.567080067850984051e+02 1.425462600000000000e+07
1.567284410884822137e+02 1.519613700000000000e+07
1.567488753916259157e+02 1.540761300000000000e+07
1.567693095945433015e+02 1.516691700000000000e+07
1.567897439972293796e+02 1.476064400000000000e+07
1.568101782996745897e+02 1.429162800000000000e+07
1.568306126021270757e+02 1.382316600000000000e+07
1.568510469043467310e+02 1.340868500000000000e+07
1.568714812063262798e+02 1.306789500000000000e+07
1.568919155080802739e+02 1.278642900000000000e+07
1.569123497098335065e+02 1.253590000000000000e+07
1.569327841111153248e+02 1.216717700000000000e+07
1.569532184124036576e+02 1.199773700000000000e+07
1.569736526136912289e+02 1.165869800000000000e+07
1.569940870145073859e+02 1.127353700000000000e+07
1.570145213153300574e+02 1.103489800000000000e+07
1.570349555159191368e+02 1.081523000000000000e+07
1.570553898162688711e+02 1.063243000000000000e+07
1.570758242163938121e+02 1.042652000000000000e+07
1.570962584165172302e+02 1.017972400000000000e+07
1.571166927164013032e+02 9.950603000000000000e+06
1.571371271160605829e+02 9.692409000000000000e+06
1.571575614154862706e+02 9.423616000000000000e+06
1.571779956149039208e+02 9.313100000000000000e+06
1.571984299138639471e+02 9.845256000000000000e+06
1.572188643128247350e+02 1.148695300000000000e+07
1.572392985115438933e+02 1.325417300000000000e+07
1.572597328102710890e+02 1.392792200000000000e+07
1.572801671087654540e+02 1.523191800000000000e+07
1.573006014067868819e+02 1.662942900000000000e+07
1.573210357050484163e+02 1.663244500000000000e+07
1.573414700028442894e+02 1.581733600000000000e+07
1.573619043004000559e+02 1.507890300000000000e+07
1.573823385979630984e+02 1.438803000000000000e+07
1.574027728952933103e+02 1.377751200000000000e+07
1.574232070923899300e+02 1.327235300000000000e+07
1.574436414894807967e+02 1.284971300000000000e+07
1.574640757861125167e+02 1.247923300000000000e+07
1.574845099827361992e+02 1.213471700000000000e+07
1.575049443791358499e+02 1.180837900000000000e+07
1.575253786755347392e+02 1.149682300000000000e+07
1.575458128714599297e+02 1.121038400000000000e+07
1.575662471673931577e+02 1.096028700000000000e+07
1.575866815630943165e+02 1.072550900000000000e+07
1.576071157585538458e+02 1.051145700000000000e+07
1.576275500540214125e+02 1.033765700000000000e+07
1.576479844490240794e+02 1.019751200000000000e+07
1.576684187440187088e+02 1.009215200000000000e+07
1.576888529387870221e+02 1.003456400000000000e+07
1.577092872333232663e+02 9.867798000000000000e+06
1.577297216278529959e+02 9.622146000000000000e+06
1.577501558221556479e+02 9.569866000000000000e+06
1.577705901162262307e+02 1.021675700000000000e+07
1.577910245100574684e+02 1.205918000000000000e+07
1.578114587036616285e+02 1.309053300000000000e+07
1.578318929972665501e+02 1.382501300000000000e+07
1.578523272903985344e+02 1.520592500000000000e+07
1.578727615837706253e+02 1.582050700000000000e+07
1.578931958766770549e+02 1.562357800000000000e+07
1.579136301693433779e+02 1.516501000000000000e+07
1.579340643620162155e+02 1.464512700000000000e+07
1.579544987544577452e+02 1.413944600000000000e+07
1.579749330466584070e+02 1.367691300000000000e+07
1.579953672386327526e+02 1.328491300000000000e+07
1.580158016306086211e+02 1.295709600000000000e+07
1.580362359221107909e+02 1.266660300000000000e+07
1.580566701136194752e+02 1.238201400000000000e+07
1.580771044048960903e+02 1.208153700000000000e+07
1.580975387961661909e+02 1.175103700000000000e+07
1.581179730869771447e+02 1.135803000000000000e+07
1.581384072777873371e+02 1.106772000000000000e+07
1.581588416683589458e+02 1.082982800000000000e+07
1.581792759587042383e+02 1.065354500000000000e+07
1.581997101490487694e+02 1.046270000000000000e+07
1.582201444389211247e+02 1.025390300000000000e+07
1.582405788288015174e+02 1.007864100000000000e+07
1.582814473080943571e+02 9.596780000000000000e+06
1.583018816972689820e+02 9.341451000000000000e+06
1.583223159864501213e+02 9.385211000000000000e+06
1.583427501753903925e+02 1.028580000000000000e+07
1.583631844641058706e+02 1.203373500000000000e+07
1.583836188525892794e+02 1.320183200000000000e+07
1.584040531408318202e+02 1.437799300000000000e+07
1.584244873290808755e+02 1.623477200000000000e+07
1.584449216170978616e+02 1.688152600000000000e+07
1.584653560048755025e+02 1.634372400000000000e+07
1.584857901926588966e+02 1.556698300000000000e+07
1.585062244799773907e+02 1.480155300000000000e+07
1.585266588672893704e+02 1.415887400000000000e+07
1.585470930543742725e+02 1.362002500000000000e+07
1.585675273412271054e+02 1.316427900000000000e+07
1.585879616278398316e+02 1.276562600000000000e+07
1.586083959144598339e+02 1.239652400000000000e+07
1.586288302008470055e+02 1.203392400000000000e+07
1.586492644870013464e+02 1.167197400000000000e+07
1.586696988729163422e+02 1.132183500000000000e+07
1.586901330586042604e+02 1.100442200000000000e+07
1.587105673442856641e+02 1.074274800000000000e+07
1.587310015295079211e+02 1.052851500000000000e+07
1.587514359147317009e+02 1.034554400000000000e+07
1.587718701999547193e+02 1.018243900000000000e+07
1.587923044847048004e+02 1.005453000000000000e+07
1.588127387694621575e+02 9.953133000000000000e+06
1.588331730537465774e+02 9.848602000000000000e+06
1.588536073380382732e+02 9.681292000000000000e+06
1.588740415220963769e+02 9.474496000000000000e+06
1.588944759061560035e+02 9.609377000000000000e+06
1.589149101897419314e+02 1.067655300000000000e+07
1.589353443733343738e+02 1.252030100000000000e+07
1.589557787566882325e+02 1.339924400000000000e+07
1.589762130398157751e+02 1.489117000000000000e+07
1.589966472229425563e+02 1.628495700000000000e+07
1.590170815056044376e+02 1.643996700000000000e+07
1.590375158882598043e+02 1.595000700000000000e+07
1.590579500706880935e+02 1.529791700000000000e+07
1.590783843528843136e+02 1.463601600000000000e+07
1.590988186350732576e+02 1.402588400000000000e+07
1.591192530168045778e+02 1.352503200000000000e+07
1.591396871985343751e+02 1.312262900000000000e+07
1.591601214800248272e+02 1.277805500000000000e+07
1.591805558612904861e+02 1.244278900000000000e+07
1.592009900423145154e+02 1.214134300000000000e+07
1.592214243233465822e+02 1.181215100000000000e+07
1.592418585039122263e+02 1.146063400000000000e+07
1.592622928844793933e+02 1.109891400000000000e+07
1.592827271650385228e+02 1.080176600000000000e+07
1.593031614451392670e+02 1.061968400000000000e+07
1.593235957249999046e+02 1.046543500000000000e+07
1.593440300048678182e+02 1.026353500000000000e+07
1.593644642845029011e+02 1.008154700000000000e+07
1.593848984639043920e+02 9.921254000000000000e+06
1.594053328430672991e+02 9.653510000000000000e+06
1.594257671222367208e+02 9.388504000000000000e+06
1.594462013009397197e+02 9.241441000000000000e+06
1.594666356796369655e+02 9.582126000000000000e+06
1.594870699581078952e+02 1.088144300000000000e+07
1.595075041363452328e+02 1.248823300000000000e+07
1.595279384145760559e+02 1.369307200000000000e+07
1.595483727923492552e+02 1.583436200000000000e+07
1.595688069701209315e+02 1.730340000000000000e+07
1.595892412476532627e+02 1.707521200000000000e+07
1.596096755249600392e+02 1.618516300000000000e+07
1.596301099022675771e+02 1.538159500000000000e+07
1.596505440791006549e+02 1.460458800000000000e+07
1.596709783559417701e+02 1.400049600000000000e+07
1.596914127325435402e+02 1.346390900000000000e+07
1.597118469089182327e+02 1.299995900000000000e+07
1.597322811850608559e+02 1.257913500000000000e+07
1.597527154612034792e+02 1.217283500000000000e+07
1.597731497368731652e+02 1.177244300000000000e+07
1.597935840125501272e+02 1.138607100000000000e+07
1.598140182879942586e+02 1.102648000000000000e+07
1.598344525634311140e+02 1.071715300000000000e+07
1.598548868384095840e+02 1.045586000000000000e+07
1.598753211133880541e+02 1.024774100000000000e+07
1.598957552878928254e+02 1.009122800000000000e+07
1.599161896624063957e+02 9.976370000000000000e+06
1.599366239366863738e+02 9.906674000000000000e+06
1.599570582109590760e+02 9.900766000000000000e+06
1.599774924847733928e+02 9.839148000000000000e+06
1.599979267585877096e+02 9.661874000000000000e+06
1.600183610321619199e+02 9.524413000000000000e+06
1.600387953055105754e+02 9.924149000000000000e+06
1.600592295786264003e+02 1.138172300000000000e+07
1.600796638515021186e+02 1.260949700000000000e+07
1.601000981243851129e+02 1.412701400000000000e+07
1.601205322970345151e+02 1.615516000000000000e+07
1.601409666694453335e+02 1.662456900000000000e+07
1.601614009416298359e+02 1.618006900000000000e+07
1.601818351135807461e+02 1.554702900000000000e+07
1.602022694855259033e+02 1.491458800000000000e+07
1.602227037570119137e+02 1.433181100000000000e+07
1.602431379284971626e+02 1.381856900000000000e+07
1.602635721997430664e+02 1.338338700000000000e+07
1.602840065709970077e+02 1.300850300000000000e+07
1.603044407417837647e+02 1.266059900000000000e+07
1.603248750123311765e+02 1.231555500000000000e+07
1.603453093828866258e+02 1.191875600000000000e+07
1.603657436532084830e+02 1.160959500000000000e+07
1.603861778232894721e+02 1.120984600000000000e+07
1.604066120933784987e+02 1.095133500000000000e+07
1.604270464630026254e+02 1.071457200000000000e+07
1.604474806326179532e+02 1.050057800000000000e+07
1.604679149017756572e+02 1.029964000000000000e+07
1.604883492709341226e+02 1.008278600000000000e+07
1.605087834400837892e+02 9.921166000000000000e+06
1.605292177087758319e+02 9.754742000000000000e+06
1.605496519772350439e+02 9.525457000000000000e+06
1.605700862456869800e+02 9.249528000000000000e+06
1.605905205139133614e+02 9.175696000000000000e+06
1.606109547819069121e+02 9.745634000000000000e+06
1.606313889496668708e+02 1.128732700000000000e+07
1.606518233171882457e+02 1.298060800000000000e+07
1.606722575847161352e+02 1.487814900000000000e+07
1.606926917520031566e+02 1.743468400000000000e+07
1.607131261190661462e+02 1.786791800000000000e+07
1.607335603858955437e+02 1.714154600000000000e+07
1.607539945524840732e+02 1.606959700000000000e+07
1.607744288188478095e+02 1.508713600000000000e+07
1.607948631852123071e+02 1.438421900000000000e+07
1.608152974513359368e+02 1.376427100000000000e+07
1.608357316172332503e+02 1.324366300000000000e+07
1.608561659828992561e+02 1.277960500000000000e+07
1.608766002483243938e+02 1.233582500000000000e+07
1.608970344135232153e+02 1.189769700000000000e+07
1.609174686787227984e+02 1.146950700000000000e+07
1.609379030436830362e+02 1.106453400000000000e+07
1.609583372084161965e+02 1.070454600000000000e+07
1.609787714729172876e+02 1.041294800000000000e+07
1.609992058371790336e+02 1.019396400000000000e+07
1.610196400012137019e+02 1.002468200000000000e+07
1.610400742652491317e+02 9.885818000000000000e+06
1.610605085290444549e+02 9.785088000000000000e+06
1.610809427926142234e+02 9.740188000000000000e+06
1.611013770559511613e+02 9.721511000000000000e+06
1.611218113190479926e+02 9.620507000000000000e+06
1.611422456819200306e+02 9.435264000000000000e+06
1.611626798447905458e+02 9.485857000000000000e+06
1.611831141074217157e+02 1.029479100000000000e+07
1.612035482698265696e+02 1.194166900000000000e+07
1.612239826320001157e+02 1.343691900000000000e+07
1.612648511556399171e+02 1.733731800000000000e+07
1.612852853173462790e+02 1.696383600000000000e+07
1.613057196788140573e+02 1.618709200000000000e+07
1.613261539400555193e+02 1.539135000000000000e+07
1.613465881010633893e+02 1.467746700000000000e+07
1.613670224618326756e+02 1.406053100000000000e+07
1.613874567223756458e+02 1.353549000000000000e+07
1.614078908829178545e+02 1.308837600000000000e+07
1.614283251432207180e+02 1.269259500000000000e+07
1.614487595030659577e+02 1.231818800000000000e+07
1.614691936629096745e+02 1.194977700000000000e+07
1.614896279227541527e+02 1.158885800000000000e+07
1.615100622821264551e+02 1.123903400000000000e+07
1.615304964412716799e+02 1.092145200000000000e+07
1.615509307004103903e+02 1.065866800000000000e+07
1.615713649593235459e+02 1.050864100000000000e+07
1.615917993180046324e+02 1.035909600000000000e+07
1.616122334764513653e+02 1.017754900000000000e+07
1.616326677346587530e+02 1.005773700000000000e+07
1.616531020928741782e+02 9.982286000000000000e+06
1.616735363508487353e+02 9.790246000000000000e+06
1.616939705083641456e+02 9.496170000000000000e+06
1.617144047658803174e+02 9.248110000000000000e+06
1.617348391231571441e+02 9.319771000000000000e+06
1.617552732804397237e+02 1.017795000000000000e+07
1.617757075372574036e+02 1.186152400000000000e+07
1.617961417940678075e+02 1.406234400000000000e+07
1.618165760504198261e+02 1.657770800000000000e+07
1.618370103067718446e+02 1.805318400000000000e+07
1.618574445628910325e+02 1.773892600000000000e+07
1.618778789187708753e+02 1.671702000000000000e+07
1.618983130746564711e+02 1.563594600000000000e+07
1.619187473300698912e+02 1.477384500000000000e+07
1.619391814854898257e+02 1.411129800000000000e+07
1.619596158406784525e+02 1.360080500000000000e+07
1.619800500956334872e+02 1.309164800000000000e+07
1.620004843503484153e+02 1.262642300000000000e+07
1.620209186048377887e+02 1.215653400000000000e+07
1.620413528590870555e+02 1.170653500000000000e+07
1.620617871133435983e+02 1.127407000000000000e+07
1.620822212673665490e+02 1.087163600000000000e+07
1.621026556209253613e+02 1.052351000000000000e+07
1.621230898744761362e+02 1.024396300000000000e+07
1.621435240280334256e+02 1.002301800000000000e+07
1.621639583811193006e+02 9.844277000000000000e+06
1.621843926339788595e+02 9.709458000000000000e+06
1.622048267868376570e+02 9.635098000000000000e+06
1.622252610394643852e+02 9.663290000000000000e+06
1.622456953918517684e+02 9.718193000000000000e+06
1.622661295440120739e+02 9.543553000000000000e+06
1.622865637959403102e+02 9.370905000000000000e+06
1.623069981476292014e+02 9.621102000000000000e+06
1.623274323993246071e+02 1.084770500000000000e+07
1.623478665505535901e+02 1.255372700000000000e+07
1.623683008017760585e+02 1.508559900000000000e+07
1.623887351527737337e+02 1.767614000000000000e+07
1.624091693035297794e+02 1.787686400000000000e+07
1.624296035542938625e+02 1.696039200000000000e+07
1.624500377045915229e+02 1.590938800000000000e+07
1.624704720546578756e+02 1.504788200000000000e+07
1.624909063047161908e+02 1.436938700000000000e+07
1.625113399545516586e+02 1.377627100000000000e+07
1.625317743041450740e+02 1.326362300000000000e+07
1.625522084535114118e+02 1.280535100000000000e+07
1.625726427026384044e+02 1.238497800000000000e+07
1.625930769517726731e+02 1.198625800000000000e+07
1.626135113004420418e+02 1.160784700000000000e+07
1.626339454491098877e+02 1.124505000000000000e+07
1.626543796975383884e+02 1.092618400000000000e+07
1.626748140457420959e+02 1.065345700000000000e+07
1.626952481937041739e+02 1.044798900000000000e+07
1.627156824414414586e+02 1.027795900000000000e+07
1.627361166889459128e+02 1.008860300000000000e+07
1.627565509364503669e+02 9.903644000000000000e+06
1.627769851837147144e+02 9.837950000000000000e+06
1.627974194305206765e+02 9.754772000000000000e+06
1.628178536773193628e+02 9.526399000000000000e+06
1.628382879241253249e+02 9.286073000000000000e+06
1.628587221704656258e+02 9.142589000000000000e+06
1.628791563165723346e+02 9.435305000000000000e+06
1.628995906626732904e+02 1.093943000000000000e+07
1.629200249083150993e+02 1.316995900000000000e+07
1.629404590539561468e+02 1.584943800000000000e+07
1.629608932993578492e+02 1.795002400000000000e+07
1.629813276445347583e+02 1.810801800000000000e+07
1.630017617894773139e+02 1.729207400000000000e+07
1.630221960344133549e+02 1.612057700000000000e+07
1.630426303788917721e+02 1.522654300000000000e+07
1.630630646233621519e+02 1.446367500000000000e+07
1.630834987676062156e+02 1.382094000000000000e+07
1.631039330116182100e+02 1.326594200000000000e+07
1.631243673553981353e+02 1.276387200000000000e+07
1.631448014989364310e+02 1.229076600000000000e+07
1.631652357422499335e+02 1.182814300000000000e+07
1.631856700855569215e+02 1.138032800000000000e+07
1.632061042284040013e+02 1.095615700000000000e+07
1.632265384712518426e+02 1.058331200000000000e+07
1.632469727138668532e+02 1.027957800000000000e+07
1.632674069562417571e+02 1.004667200000000000e+07
1.632878411983911064e+02 9.893848000000000000e+06
1.633082754403076251e+02 9.780901000000000000e+06
1.633287097819847986e+02 9.716273000000000000e+06
1.633491439236677252e+02 9.712043000000000000e+06
1.633695781651185825e+02 9.737835000000000000e+06
1.633900123060957412e+02 9.627585000000000000e+06
1.634104466470816988e+02 9.380952000000000000e+06
1.634308808878340642e+02 9.262436000000000000e+06
1.634513150285783922e+02 9.767672000000000000e+06
1.634717493688658578e+02 1.139785600000000000e+07
1.634921836089197313e+02 1.396303200000000000e+07
1.635126178489663289e+02 1.731627600000000000e+07
1.635330519887866103e+02 1.820983000000000000e+07
1.635534863281354774e+02 1.769848600000000000e+07
1.635739205674908590e+02 1.660712500000000000e+07
1.635943547068454791e+02 1.566281900000000000e+07
1.636147889457351994e+02 1.483136500000000000e+07
1.636352232843855745e+02 1.411582900000000000e+07
1.636556574230417027e+02 1.350745600000000000e+07
1.636760916612329311e+02 1.298100400000000000e+07
1.636965259994176449e+02 1.251564000000000000e+07
1.637169601373752812e+02 1.208799200000000000e+07
1.637373943751008483e+02 1.169237900000000000e+07
1.637578286125863087e+02 1.133017800000000000e+07
1.637782628498462145e+02 1.097451700000000000e+07
1.637986970868732897e+02 1.066437000000000000e+07
1.638191313238930888e+02 1.041468900000000000e+07
1.638395656606880948e+02 1.021729300000000000e+07
1.638599997970159166e+02 1.003714500000000000e+07
1.638804340333372238e+02 9.848235000000000000e+06
1.639008681694322149e+02 9.747109000000000000e+06
1.639213025052958983e+02 9.765063000000000000e+06
1.639417367411515443e+02 9.674421000000000000e+06
1.639621709765488049e+02 9.437455000000000000e+06
1.639826052117132349e+02 9.200679000000000000e+06
1.640030394468703889e+02 9.173653000000000000e+06
1.640234736818019883e+02 9.860351000000000000e+06
1.640439078164999955e+02 1.196734300000000000e+07
1.640643421509594191e+02 1.502018400000000000e+07
1.640847763851925265e+02 1.759818400000000000e+07
1.641052106191928033e+02 1.828921600000000000e+07
1.641256447529522120e+02 1.778621000000000000e+07
1.641460790867204196e+02 1.651073700000000000e+07
1.641665132202542736e+02 1.550056500000000000e+07
1.641869474533159519e+02 1.478950000000000000e+07
1.642073817863856675e+02 1.407982000000000000e+07
1.642482501518170466e+02 1.294660400000000000e+07
1.642686843841875088e+02 1.245332100000000000e+07
1.642891186165579711e+02 1.197301500000000000e+07
1.643095528484554961e+02 1.150711500000000000e+07
1.643299870803602971e+02 1.106483000000000000e+07
1.643504214118001983e+02 1.068487600000000000e+07
1.643708556432320620e+02 1.036769400000000000e+07
1.643912897744376096e+02 1.011558100000000000e+07
1.644117240054110880e+02 9.909584000000000000e+06
1.644321582361444598e+02 9.739942000000000000e+06
1.644525924668851076e+02 9.621571000000000000e+06
1.644730266971600940e+02 9.603614000000000000e+06
1.644934610271957354e+02 9.676138000000000000e+06
1.645138951572371298e+02 9.710342000000000000e+06
1.645343293870464549e+02 9.561074000000000000e+06
1.645547636166156735e+02 9.314889000000000000e+06
1.645751978459593374e+02 9.372287000000000000e+06
1.645956320750701707e+02 1.042808300000000000e+07
1.646160663039408973e+02 1.225758200000000000e+07
1.646365004325853079e+02 1.587728900000000000e+07
1.646569347612312413e+02 1.838728200000000000e+07
1.646773689894034760e+02 1.837048800000000000e+07
1.646978032175829867e+02 1.726629800000000000e+07
1.647182374455296667e+02 1.618493400000000000e+07
1.647386716732362402e+02 1.534796300000000000e+07
1.647591059007172589e+02 1.457053800000000000e+07
1.647795400279646856e+02 1.390099700000000000e+07
1.647999743549735285e+02 1.328168200000000000e+07
1.648204085817560554e+02 1.275211700000000000e+07
1.648408427085378207e+02 1.225392900000000000e+07
1.648612770348481718e+02 1.179876500000000000e+07
1.648817112611650373e+02 1.138332000000000000e+07
1.649021453872483107e+02 1.100068600000000000e+07
1.649225796128594084e+02 1.066923100000000000e+07
1.649430139384785434e+02 1.039260800000000000e+07
1.649634480640961556e+02 1.018517100000000000e+07
1.649838822892488679e+02 1.000166700000000000e+07
