1.599431095009641467e+03 1.298195410156250000e+04
1.599451928738545121e+03 1.300519824218750000e+04
1.599472762467448547e+03 1.300857421875000000e+04
1.599493596195886539e+03 1.301326855468750000e+04
1.599514429924324531e+03 1.300930371093750000e+04
1.599535263652529011e+03 1.301545898437500000e+04
1.599556097380733490e+03 1.302532031250000000e+04
1.599576931108473673e+03 1.302295019531250000e+04
1.599597764836213173e+03 1.302161523437500000e+04
1.599618598563719161e+03 1.303799902343750000e+04
1.599639432291225830e+03 1.302829980468750000e+04
1.599660266018266839e+03 1.302569433593750000e+04
1.599681099745307620e+03 1.302469824218750000e+04
1.599701933472115797e+03 1.301901562500000000e+04
1.599722767198691145e+03 1.300836035156250000e+04
1.599743600925032979e+03 1.301156835937500000e+04
1.599764434651374813e+03 1.300638476562500000e+04
1.599785268377252351e+03 1.302801074218750000e+04
1.599806102103129888e+03 1.301517382812500000e+04
1.599826935828773230e+03 1.301273730468750000e+04
1.599847769554183515e+03 1.301186328125000000e+04
1.599868603279361878e+03 1.301701074218750000e+04
1.599889437004306728e+03 1.301405761718750000e+04
1.599910270729019430e+03 1.303203808593750000e+04
1.599931104453499984e+03 1.301374902343750000e+04
1.600076940518803895e+03 1.307661035156250000e+04
1.600118607964037665e+03 1.308911718750000000e+04
1.600139441686188547e+03 1.308757128906250000e+04
1.600201942851246031e+03 1.307608886718750000e+04
1.600243610293453685e+03 1.305042089843750000e+04
1.600285277734495821e+03 1.304065136718750000e+04
1.600306111454551910e+03 1.305155273437500000e+04
1.600326945174607999e+03 1.301726953125000000e+04
1.600347778894198427e+03 1.300973339843750000e+04
1.600368612613556024e+03 1.299774511718750000e+04
1.600389446332680564e+03 1.297685644531250000e+04
1.600431113769997410e+03 1.297035449218750000e+04
1.600451947488190854e+03 1.295283496093750000e+04
1.600472781206383615e+03 1.294400976562500000e+04
1.600493614924111398e+03 1.293835546875000000e+04
1.600514448641374202e+03 1.292231152343750000e+04
1.600535282358636096e+03 1.292793945312500000e+04
1.600576949791994821e+03 1.290332324218750000e+04
1.600597783508325620e+03 1.289698828125000000e+04
1.600618617224422906e+03 1.287798144531250000e+04
1.600639450940054530e+03 1.286860449218750000e+04
1.600660284655686837e+03 1.283780957031250000e+04
1.600681118370854165e+03 1.284048242187500000e+04
1.600701952085554922e+03 1.281017968750000000e+04
1.600722785800255224e+03 1.280519335937500000e+04
1.600743619514490547e+03 1.279399121093750000e+04
1.600785286942028506e+03 1.278791113281250000e+04
1.600806120655332506e+03 1.276324121093750000e+04
1.600826954368403676e+03 1.277757128906250000e+04
1.600847788081241333e+03 1.276756445312500000e+04
1.600868621793613102e+03 1.274268945312500000e+04
1.600889455505753631e+03 1.274348925781250000e+04
1.600910289217660647e+03 1.273810839843750000e+04
1.600931122929101321e+03 1.271967285156250000e+04
1.600951956640309845e+03 1.271626660156250000e+04
1.600972790351285539e+03 1.270593750000000000e+04
1.600993624061794890e+03 1.270025000000000000e+04
1.601014457772071410e+03 1.268310839843750000e+04
1.601035291481882950e+03 1.266925878906250000e+04
1.601056125191693582e+03 1.264405175781250000e+04
1.601076958900805948e+03 1.264921679687500000e+04
1.601097792609918997e+03 1.263474511718750000e+04
1.601118626318566385e+03 1.262723437500000000e+04
1.601139460026747429e+03 1.261883105468750000e+04
1.601160293734929155e+03 1.259503125000000000e+04
1.601181127442645902e+03 1.260712304687500000e+04
1.601201961149895624e+03 1.260521484375000000e+04
1.601222794856912287e+03 1.258188378906250000e+04
1.601243628563697030e+03 1.256780468750000000e+04
1.601264462270016111e+03 1.256506347656250000e+04
1.601285295975868848e+03 1.254095507812500000e+04
1.601306129681721586e+03 1.254069726562500000e+04
1.601326963387109345e+03 1.252107617187500000e+04
1.601347797092030760e+03 1.252001855468750000e+04
1.601368630796719344e+03 1.251337988281250000e+04
1.601389464500942950e+03 1.249884082031250000e+04
1.601410298204933497e+03 1.248276562500000000e+04
1.601431131908690759e+03 1.248672460937500000e+04
1.601451965611982359e+03 1.249732910156250000e+04
1.601472799315041811e+03 1.248191113281250000e+04
1.601493633017634920e+03 1.247222949218750000e+04
1.601514466719762368e+03 1.248476464843750000e+04
1.601535300421890270e+03 1.246207226562500000e+04
1.601556134123320589e+03 1.247197265625000000e+04
1.601576967824517396e+03 1.247216015625000000e+04
1.601597801525480691e+03 1.246247753906250000e+04
1.601618635225979006e+03 1.244658007812500000e+04
1.601639468926243808e+03 1.245815332031250000e+04
1.601660302626042949e+03 1.246217871093750000e+04
1.601681136325609941e+03 1.245103808593750000e+04
1.601701970024711272e+03 1.243377246093750000e+04
1.601722803723346033e+03 1.244256152343750000e+04
1.601743637421748190e+03 1.244508691406250000e+04
1.601764471119918198e+03 1.245718554687500000e+04
1.601785304817621864e+03 1.244266699218750000e+04
1.601806138514859867e+03 1.245914550781250000e+04
1.601826972211865723e+03 1.245814941406250000e+04
1.601847805908405917e+03 1.246008886718750000e+04
1.601868639604712598e+03 1.244803320312500000e+04
1.601889473300553391e+03 1.245299707031250000e+04
1.601910306995929432e+03 1.247544921875000000e+04
1.601931140691071960e+03 1.246777343750000000e+04
1.601951974385981657e+03 1.245641796875000000e+04
1.601972808080426375e+03 1.246239648437500000e+04
1.601993641774405432e+03 1.246377539062500000e+04
1.602014475468150977e+03 1.245418750000000000e+04
1.602035309161430860e+03 1.245043359375000000e+04
1.602056142854245536e+03 1.245898242187500000e+04
1.602076976546826927e+03 1.247461816406250000e+04
1.602097810238942657e+03 1.247101855468750000e+04
1.602118643930826238e+03 1.247350976562500000e+04
1.602139477622244158e+03 1.248858593750000000e+04
1.602160311313195734e+03 1.250697949218750000e+04
1.602181145003914480e+03 1.250512890625000000e+04
1.602201978694168020e+03 1.249927636718750000e+04
1.602222812384188273e+03 1.251495605468750000e+04
1.602243646073742866e+03 1.252729394531250000e+04
1.602264479762832480e+03 1.252572363281250000e+04
1.602285313451689262e+03 1.253198046875000000e+04
1.602306147140079702e+03 1.252782812500000000e+04
1.602326980828004480e+03 1.252688867187500000e+04
1.602347814515697110e+03 1.251492578125000000e+04
1.602368648202924078e+03 1.252987500000000000e+04
1.602389481889917306e+03 1.254402343750000000e+04
1.602410315576212270e+03 1.255806250000000000e+04
1.602431149262275085e+03 1.255874121093750000e+04
1.602451982948104387e+03 1.256242187500000000e+04
1.602472816633468028e+03 1.255887792968750000e+04
1.602493650318366690e+03 1.257857910156250000e+04
1.602514484002799691e+03 1.257920410156250000e+04
1.602535317686999178e+03 1.258663281250000000e+04
1.602556151370732096e+03 1.259082519531250000e+04
1.602576985054000261e+03 1.258476953125000000e+04
1.602597818737035595e+03 1.259459472656250000e+04
1.602618652419605269e+03 1.259387304687500000e+04
1.602639486101709963e+03 1.260903613281250000e+04
1.602660319783581826e+03 1.260529492187500000e+04
1.602681153464987119e+03 1.261387500000000000e+04
1.602701987145926978e+03 1.261246093750000000e+04
1.602722820826401858e+03 1.262637207031250000e+04
1.602743654506643225e+03 1.263499316406250000e+04
1.602764488186418930e+03 1.264534375000000000e+04
1.602785321865729657e+03 1.265155175781250000e+04
1.602806155544807552e+03 1.265995410156250000e+04
1.602826989223419105e+03 1.265650976562500000e+04
1.602847822901564768e+03 1.264970019531250000e+04
1.602868656579245680e+03 1.266202441406250000e+04
1.602889490256693080e+03 1.266397265625000000e+04
1.602910323933674817e+03 1.266316796875000000e+04
1.602931157610191576e+03 1.265101464843750000e+04
1.602951991286241991e+03 1.267067089843750000e+04
1.602972824962058667e+03 1.267588769531250000e+04
1.602993658637410590e+03 1.265307910156250000e+04
1.603014492312297534e+03 1.265636035156250000e+04
1.603035325986950966e+03 1.266035351562500000e+04
1.603056159660905905e+03 1.266252148437500000e+04
1.603118660680909443e+03 1.267296582031250000e+04
1.603139494353234340e+03 1.265492285156250000e+04
1.603160328025327317e+03 1.266403320312500000e+04
1.603181161696953950e+03 1.267218750000000000e+04
1.603201995368114240e+03 1.266408496093750000e+04
1.603222829039042381e+03 1.265400292968750000e+04
1.603243662709272712e+03 1.266921875000000000e+04
1.603264496379269531e+03 1.267496777343750000e+04
1.603285330048800688e+03 1.265172167968750000e+04
1.603306163717866866e+03 1.266535644531250000e+04
1.603326997386699304e+03 1.265250292968750000e+04
1.603347831055066308e+03 1.263891113281250000e+04
1.603389498390171866e+03 1.266255566406250000e+04
1.603410332057374717e+03 1.267031445312500000e+04
1.603431165723878394e+03 1.266879785156250000e+04
1.603451999390149695e+03 1.270355175781250000e+04
1.603472833055722731e+03 1.269020605468750000e+04
1.603493666721062937e+03 1.269342968750000000e+04
1.603514500385938163e+03 1.268476953125000000e+04
1.603535334050580559e+03 1.268927343750000000e+04
1.603556167714523781e+03 1.268424414062500000e+04
1.603597835041246753e+03 1.267990332031250000e+04
1.603618668704025140e+03 1.266264550781250000e+04
1.603639502366337638e+03 1.267819824218750000e+04
1.603660336028418897e+03 1.268129785156250000e+04
1.603681169689801663e+03 1.268217773437500000e+04
1.603702003350718087e+03 1.269585546875000000e+04
1.603722837011401680e+03 1.275071289062500000e+04
1.603743670671620293e+03 1.279309375000000000e+04
1.603764504331372564e+03 1.275850683593750000e+04
1.603785337990658263e+03 1.275343554687500000e+04
1.603806171649479211e+03 1.274708203125000000e+04
1.603827005307835179e+03 1.273789746093750000e+04
1.603847838965957635e+03 1.273944042968750000e+04
1.603868672623381599e+03 1.272147851562500000e+04
1.603889506280573414e+03 1.271359179687500000e+04
1.603910339937298659e+03 1.270658496093750000e+04
1.603931173593324957e+03 1.272832324218750000e+04
1.603952007249119106e+03 1.270104003906250000e+04
1.603972840904448276e+03 1.272026660156250000e+04
1.603993674559543933e+03 1.271491992187500000e+04
1.604014508213941099e+03 1.272723437500000000e+04
1.604035341867873285e+03 1.274456054687500000e+04
1.604056175521571959e+03 1.275123046875000000e+04
1.604077009174571231e+03 1.276128808593750000e+04
1.604097842827338582e+03 1.276036718750000000e+04
1.604118676479640953e+03 1.277800781250000000e+04
1.604139510131244151e+03 1.277862695312500000e+04
1.604160343782614518e+03 1.280185839843750000e+04
1.604181177433519906e+03 1.281167968750000000e+04
1.604202011083958269e+03 1.280738964843750000e+04
1.604222844733930742e+03 1.282644042968750000e+04
1.604243678383439146e+03 1.284376562500000000e+04
1.604264512032714720e+03 1.284307519531250000e+04
1.604285345681291119e+03 1.285774804687500000e+04
1.604306179329401857e+03 1.285378222656250000e+04
1.604327012977046934e+03 1.285963769531250000e+04
1.604347846624458498e+03 1.288009960937500000e+04
1.604368680271172025e+03 1.289598632812500000e+04
1.604389513917653630e+03 1.290633984375000000e+04
1.604410347563436744e+03 1.291010937500000000e+04
1.604431181208986345e+03 1.293671191406250000e+04
1.604452014854069603e+03 1.293100292968750000e+04
1.604472848498455051e+03 1.294180664062500000e+04
1.604493682142607440e+03 1.296198535156250000e+04
1.604514515786061565e+03 1.297297656250000000e+04
1.604535349429283542e+03 1.297892675781250000e+04
1.604556183072039175e+03 1.299258105468750000e+04
1.604577016714328465e+03 1.299277050781250000e+04
1.604597850355919945e+03 1.299359472656250000e+04
1.604618683997279277e+03 1.299055273437500000e+04
1.604639517638172265e+03 1.301316503906250000e+04
1.604660351278365852e+03 1.301445996093750000e+04
1.604681184918327517e+03 1.302732910156250000e+04
1.604702018557824204e+03 1.304406445312500000e+04
1.604722852196854546e+03 1.306406152343750000e+04
1.604743685835186398e+03 1.306324316406250000e+04
1.604764519473285418e+03 1.308403222656250000e+04
1.604785353110917868e+03 1.308676074218750000e+04
1.604806186747852735e+03 1.308915234375000000e+04
1.604827020384555453e+03 1.309762207031250000e+04
1.604847854020559680e+03 1.309181250000000000e+04
1.604868687656329712e+03 1.310051171875000000e+04
1.604889521291401252e+03 1.311432421875000000e+04
1.604910354926241325e+03 1.309910253906250000e+04
1.604931188560382225e+03 1.309170703125000000e+04
1.604952022194289384e+03 1.310241699218750000e+04
1.604972855827498961e+03 1.310474902343750000e+04
1.604993689460243559e+03 1.311094433593750000e+04
1.605014523092521813e+03 1.311777929687500000e+04
1.605035356724334406e+03 1.312326464843750000e+04
1.605056190355681338e+03 1.312014160156250000e+04
1.605077023986561699e+03 1.312709082031250000e+04
1.605097857616977308e+03 1.312500585937500000e+04
1.605118691246927938e+03 1.313105468750000000e+04
1.605139524876412224e+03 1.313312011718750000e+04
1.605160358505430167e+03 1.312136914062500000e+04
1.605181192133750301e+03 1.312709570312500000e+04
1.605202025761838286e+03 1.312573242187500000e+04
1.605222859389226187e+03 1.311419335937500000e+04
1.605243693016148654e+03 1.312674902343750000e+04
1.605264526642606825e+03 1.310934472656250000e+04
1.605285360268599334e+03 1.309948535156250000e+04
1.605306193894125499e+03 1.311601171875000000e+04
1.605327027519185322e+03 1.310931835937500000e+04
1.605347861143780165e+03 1.313396484375000000e+04
1.605368694767676288e+03 1.312133984375000000e+04
1.605389528391339809e+03 1.312038671875000000e+04
1.605410362014304837e+03 1.311099218750000000e+04
1.605431195636804205e+03 1.311304199218750000e+04
1.605452029258837911e+03 1.311017968750000000e+04
1.605472862880405273e+03 1.311360156250000000e+04
1.605493696501507657e+03 1.309422265625000000e+04
1.605514530121911548e+03 1.309177148437500000e+04
1.605535363742082382e+03 1.311000683593750000e+04
1.605556197361554950e+03 1.308157421875000000e+04
1.605577030980561858e+03 1.308679589843750000e+04
1.605597864599103104e+03 1.306912207031250000e+04
1.605618698217178689e+03 1.307141015625000000e+04
1.605639531834555783e+03 1.307727441406250000e+04
1.605660365451466305e+03 1.306951562500000000e+04
1.605681199068144906e+03 1.305367285156250000e+04
1.605702032684125697e+03 1.306224218750000000e+04
1.605722866299407315e+03 1.305994628906250000e+04
1.605743699914455419e+03 1.304601464843750000e+04
1.605764533528805714e+03 1.304227734375000000e+04
1.605785367142690347e+03 1.303201562500000000e+04
1.605806200756108410e+03 1.302098046875000000e+04
1.605827034369061721e+03 1.301876660156250000e+04
1.605847867981317222e+03 1.300515527343750000e+04
1.605868701593106380e+03 1.300562597656250000e+04
1.605889535204429194e+03 1.298161718750000000e+04
1.605910368815287029e+03 1.297020214843750000e+04
1.605931202425678975e+03 1.295494921875000000e+04
1.605952036035371975e+03 1.294093261718750000e+04
1.605972869644599996e+03 1.294232324218750000e+04
1.605993703253130207e+03 1.294540234375000000e+04
1.606014536861426905e+03 1.293347949218750000e+04
1.606035370469024429e+03 1.293185839843750000e+04
1.606056204076156973e+03 1.290510937500000000e+04
1.606077037682591026e+03 1.289215527343750000e+04
1.606097871288791339e+03 1.289313085937500000e+04
1.606118704894061239e+03 1.288979785156250000e+04
1.606139538499098308e+03 1.284406152343750000e+04
1.606160372103436885e+03 1.285393652343750000e+04
1.606181205707309800e+03 1.284694726562500000e+04
1.606222872913657739e+03 1.279037500000000000e+04
1.606243706515900840e+03 1.279678906250000000e+04
1.606264540117444767e+03 1.278266699218750000e+04
1.606285373718756546e+03 1.276773144531250000e+04
1.606306207319370515e+03 1.275630175781250000e+04
1.606327040919285309e+03 1.276357324218750000e+04
1.606347874518733761e+03 1.273971972656250000e+04
1.606368708117717006e+03 1.274914453125000000e+04
1.606389541716234817e+03 1.274080371093750000e+04
1.606410375314053454e+03 1.272704687500000000e+04
1.606431208911407111e+03 1.272738085937500000e+04
1.606452042508062959e+03 1.270384960937500000e+04
1.606472876104251782e+03 1.267564941406250000e+04
1.606493709699741885e+03 1.268097656250000000e+04
1.606514543294767918e+03 1.264664550781250000e+04
1.606535376889326926e+03 1.262903222656250000e+04
1.606556210483187442e+03 1.262558203125000000e+04
1.606577044076583661e+03 1.260158007812500000e+04
1.606597877669280706e+03 1.261024707031250000e+04
1.606618711261511407e+03 1.258835253906250000e+04
1.606639544853276902e+03 1.259744433593750000e+04
1.606660378444111302e+03 1.258283007812500000e+04
1.606681212034712189e+03 1.256898828125000000e+04
1.606702045624614584e+03 1.256456542968750000e+04
1.606722879213819169e+03 1.254943847656250000e+04
1.606743712802558775e+03 1.253024707031250000e+04
1.606764546390831356e+03 1.252549218750000000e+04
1.606785379978405217e+03 1.249239648437500000e+04
1.606806213565282178e+03 1.250240625000000000e+04
1.606827047151692113e+03 1.249651757812500000e+04
1.606847880737403557e+03 1.248059082031250000e+04
1.606868714322650703e+03 1.247328027343750000e+04
1.606889547907198676e+03 1.246365917968750000e+04
1.606910381491047247e+03 1.246059179687500000e+04
1.606931215074431066e+03 1.245464648437500000e+04
1.606952048657349224e+03 1.245029980468750000e+04
1.606972882239335377e+03 1.245408007812500000e+04
1.606993715821088699e+03 1.245260937500000000e+04
1.607014549401911381e+03 1.244052734375000000e+04
1.607035382982269084e+03 1.244965234375000000e+04
1.607056216561926703e+03 1.243192187500000000e+04
1.607077050141118889e+03 1.243645312500000000e+04
1.607097883719613947e+03 1.243775097656250000e+04
1.607118717297409148e+03 1.243249902343750000e+04
1.607139550874738688e+03 1.245426171875000000e+04
1.607160384451137588e+03 1.243837011718750000e+04
1.607181218027303430e+03 1.242133007812500000e+04
1.607202051602538177e+03 1.242653808593750000e+04
1.607222885177306580e+03 1.239521484375000000e+04
1.607243718751377173e+03 1.242150000000000000e+04
1.607264552324749275e+03 1.243074804687500000e+04
1.607285385897422202e+03 1.243280468750000000e+04
1.607306219469630150e+03 1.243624902343750000e+04
1.607327053041139379e+03 1.243559863281250000e+04
1.607347886611949662e+03 1.244612890625000000e+04
1.607368720182061452e+03 1.243467187500000000e+04
1.607389553751475432e+03 1.243858593750000000e+04
1.607410387320424434e+03 1.245349316406250000e+04
1.607431220888673352e+03 1.246425781250000000e+04
1.607452054455991174e+03 1.245171679687500000e+04
1.607472888022844018e+03 1.246567480468750000e+04
1.607493721588997687e+03 1.245176660156250000e+04
1.607514555154453546e+03 1.245821582031250000e+04
1.607535388719443745e+03 1.245335058593750000e+04
1.607556222283502620e+03 1.246640136718750000e+04
1.607577055846862322e+03 1.246801464843750000e+04
1.607597889409523304e+03 1.246947363281250000e+04
1.607618722971487387e+03 1.248739355468750000e+04
1.607639556532984443e+03 1.247413867187500000e+04
1.607660390093550177e+03 1.248372753906250000e+04
1.607681223653418101e+03 1.250891308593750000e+04
1.607702057212587306e+03 1.251496679687500000e+04
1.607722890771057564e+03 1.252031738281250000e+04
1.607743724328829330e+03 1.252859570312500000e+04
1.607764557885903969e+03 1.252463671875000000e+04
1.607785391442045920e+03 1.253601269531250000e+04
1.607806224997722211e+03 1.253269921875000000e+04
1.607827058552467633e+03 1.254997460937500000e+04
1.607847892106514792e+03 1.255121679687500000e+04
1.607868725659862776e+03 1.255497851562500000e+04
1.607889559212512268e+03 1.256416992187500000e+04
1.607910392764231801e+03 1.257912207031250000e+04
1.607931226315251479e+03 1.259321093750000000e+04
1.607952059865572437e+03 1.269515820312500000e+04
1.607972893415195813e+03 1.270738378906250000e+04
1.607993726963887866e+03 1.269317578125000000e+04
1.608014560511880745e+03 1.267175683593750000e+04
1.608035394058942302e+03 1.266498730468750000e+04
1.608056227605306049e+03 1.267338281250000000e+04
1.608077061150970621e+03 1.266845800781250000e+04
1.608097894695704554e+03 1.267402539062500000e+04
1.608118728239506936e+03 1.265983398437500000e+04
1.608139561782611054e+03 1.266975878906250000e+04
1.608160395325015998e+03 1.267025781250000000e+04
1.608181228866256788e+03 1.266668457031250000e+04
1.608202062407032599e+03 1.267840917968750000e+04
1.608222895946643575e+03 1.268136035156250000e+04
1.608243729485555832e+03 1.269787500000000000e+04
1.608264563023770506e+03 1.269199804687500000e+04
1.608285396560821027e+03 1.269445312500000000e+04
1.608306230097172374e+03 1.270054882812500000e+04
1.608327063632592399e+03 1.270643066406250000e+04
1.608347897167081783e+03 1.271220507812500000e+04
1.608368730700639617e+03 1.270762792968750000e+04
1.608389564233498504e+03 1.270044238281250000e+04
1.608410397765193920e+03 1.270606933593750000e+04
1.608431231296190845e+03 1.271474316406250000e+04
1.608452064826022934e+03 1.271872363281250000e+04
1.608472898355156531e+03 1.269831250000000000e+04
1.608493731883126429e+03 1.271136035156250000e+04
1.608514565410164550e+03 1.269105078125000000e+04
1.608535398936271349e+03 1.269215527343750000e+04
1.608556232461447507e+03 1.269698925781250000e+04
1.608577065985692343e+03 1.270359960937500000e+04
1.608597899508772343e+03 1.270028515625000000e+04
1.608618733030920794e+03 1.270175195312500000e+04
1.608639566552138831e+03 1.269782421875000000e+04
1.608660400072192033e+03 1.269066406250000000e+04
1.608681233591081082e+03 1.268391113281250000e+04
1.608702067109039490e+03 1.270517382812500000e+04
1.608722900626066576e+03 1.269008691406250000e+04
1.608743734141928826e+03 1.269902539062500000e+04
1.608764567656626696e+03 1.268905761718750000e+04
1.608785401170161322e+03 1.267917675781250000e+04
1.608806234682763943e+03 1.267440332031250000e+04
1.608827068194202411e+03 1.264383300781250000e+04
1.608847901704477408e+03 1.265465917968750000e+04
1.608868735213355421e+03 1.264439648437500000e+04
1.608889568721301202e+03 1.264537011718750000e+04
1.608910402228083058e+03 1.265502246093750000e+04
1.608931235733468611e+03 1.264826855468750000e+04
1.608952069237689329e+03 1.266937988281250000e+04
1.608972902740745894e+03 1.265186035156250000e+04
1.608993736242405930e+03 1.265929296875000000e+04
1.609014569742902040e+03 1.264283007812500000e+04
1.609035403242233315e+03 1.264504589843750000e+04
1.609056236739934775e+03 1.265193066406250000e+04
1.609077070236472764e+03 1.264335546875000000e+04
1.609097903731845918e+03 1.263595507812500000e+04
1.609118737225589257e+03 1.263141601562500000e+04
1.609139570717936067e+03 1.264152929687500000e+04
1.609160404208886121e+03 1.261799414062500000e+04
1.609181237698438508e+03 1.262937597656250000e+04
1.609202071186593230e+03 1.262663574218750000e+04
1.609222904673352332e+03 1.262877929687500000e+04
1.609243738158480710e+03 1.263591796875000000e+04
1.609264571641979501e+03 1.263477148437500000e+04
1.609285405124081990e+03 1.264564843750000000e+04
1.609306238604554665e+03 1.263940234375000000e+04
1.609327072083396843e+03 1.265610839843750000e+04
1.609347905560609206e+03 1.263929687500000000e+04
1.609368739035959379e+03 1.264297265625000000e+04
1.609389572509912114e+03 1.265121777343750000e+04
1.609410405982002203e+03 1.265299414062500000e+04
1.609431239452462478e+03 1.264470214843750000e+04
1.609452072921060790e+03 1.263229687500000000e+04
1.609472906387795774e+03 1.264142285156250000e+04
1.609493739852900717e+03 1.263885253906250000e+04
1.609514573315911093e+03 1.264715332031250000e+04
1.609535406777058142e+03 1.266298535156250000e+04
1.609556240236342546e+03 1.267587988281250000e+04
1.609577073693532157e+03 1.268595507812500000e+04
1.609597907148859122e+03 1.267331835937500000e+04
1.609618740602089247e+03 1.268855078125000000e+04
1.609639574053224351e+03 1.270184765625000000e+04
1.609660407502032058e+03 1.270077832031250000e+04
1.609681240948976438e+03 1.271506054687500000e+04
1.613806253560296227e+03 1.268412695312500000e+04
1.613827086972781672e+03 1.268073535156250000e+04
1.613847920385033603e+03 1.269226562500000000e+04
1.613868753797285308e+03 1.267842871093750000e+04
1.613889587209072943e+03 1.268505761718750000e+04
1.613910420620860577e+03 1.269429394531250000e+04
1.613931254032181187e+03 1.269638867187500000e+04
1.613972920854590029e+03 1.268276660156250000e+04
1.613993754265444977e+03 1.267507617187500000e+04
1.614035421086457063e+03 1.265026074218750000e+04
1.614056254496847714e+03 1.264975976562500000e+04
1.614077087906772022e+03 1.264990625000000000e+04
1.614097921316462589e+03 1.265109863281250000e+04
1.614118754726154066e+03 1.265472363281250000e+04
1.614139588135379199e+03 1.264881445312500000e+04
1.614160421544371502e+03 1.265087695312500000e+04
1.614181254953364487e+03 1.263954394531250000e+04
1.614222921770418907e+03 1.273841601562500000e+04
1.614243755178480569e+03 1.273277636718750000e+04
1.614264588586309401e+03 1.272539160156250000e+04
1.614285421993904720e+03 1.272729785156250000e+04
1.614306255401266981e+03 1.269447851562500000e+04
1.614327088808630151e+03 1.270254394531250000e+04
1.614347922215527660e+03 1.267966796875000000e+04
1.614368755621958826e+03 1.268712792968750000e+04
1.614389589028389992e+03 1.267354003906250000e+04
1.614410422434589464e+03 1.267424218750000000e+04
1.614431255840322819e+03 1.265843261718750000e+04
1.614452089246055493e+03 1.266095703125000000e+04
1.614472922651323188e+03 1.265804003906250000e+04
1.614493756056358052e+03 1.265831250000000000e+04
1.614514589461159403e+03 1.263761816406250000e+04
1.614535422865727696e+03 1.264516113281250000e+04
1.614556256270064068e+03 1.261964941406250000e+04
1.614577089673934097e+03 1.261316406250000000e+04
1.614597923077804126e+03 1.261227539062500000e+04
1.614618756481209630e+03 1.262122753906250000e+04
1.614639589884382531e+03 1.260858984375000000e+04
1.614660423287088406e+03 1.261260546875000000e+04
1.614681256689794282e+03 1.260234472656250000e+04
1.614702090092035178e+03 1.261059765625000000e+04
1.614722923494042561e+03 1.257047851562500000e+04
1.614743756895816887e+03 1.260412597656250000e+04
1.614764590297126460e+03 1.258051953125000000e+04
1.614785423698436034e+03 1.258977539062500000e+04
1.614806257099279264e+03 1.258226953125000000e+04
1.614827090499656833e+03 1.259508886718750000e+04
1.614847923900034857e+03 1.258050683593750000e+04
1.614868757299947447e+03 1.258753222656250000e+04
1.614889590699627206e+03 1.258013574218750000e+04
1.614910424098841304e+03 1.258436718750000000e+04
1.614931257498055402e+03 1.257866894531250000e+04
1.614952090896803156e+03 1.257558398437500000e+04
1.614972924295085022e+03 1.257021875000000000e+04
1.614993757693367797e+03 1.257177734375000000e+04
1.615014591091184229e+03 1.257690332031250000e+04
1.615035424488535000e+03 1.258445800781250000e+04
1.615056257885886453e+03 1.259248632812500000e+04
1.615077091282772017e+03 1.261252148437500000e+04
1.615097924679191465e+03 1.261933496093750000e+04
1.615118758075610913e+03 1.263292089843750000e+04
1.615139591471565382e+03 1.264137304687500000e+04
1.615160424867053507e+03 1.263816406250000000e+04
1.615181258262309257e+03 1.266798144531250000e+04
1.615202091657333085e+03 1.266875683593750000e+04
1.615222925052123401e+03 1.269185058593750000e+04
1.615243758446447373e+03 1.268233007812500000e+04
1.615264591840305684e+03 1.269673144531250000e+04
1.615285425233931619e+03 1.271166796875000000e+04
1.615306258627324269e+03 1.270744140625000000e+04
1.615327092020251257e+03 1.271131347656250000e+04
1.615347925412946097e+03 1.272482226562500000e+04
1.615368758805407879e+03 1.274635937500000000e+04
1.615389592197403545e+03 1.278361132812500000e+04
1.615410425589166380e+03 1.278617578125000000e+04
1.615431258980464236e+03 1.279750976562500000e+04
1.615452092371528579e+03 1.280596093750000000e+04
1.615472925762127261e+03 1.282208007812500000e+04
1.615493759152493567e+03 1.281411035156250000e+04
1.615514592542394439e+03 1.283419335937500000e+04
1.615535425932061798e+03 1.284518359375000000e+04
1.615556259321496327e+03 1.286245214843750000e+04
1.615577092710465877e+03 1.286994433593750000e+04
1.615597926098969083e+03 1.287245214843750000e+04
1.615618759487239231e+03 1.287387207031250000e+04
1.615639592875277458e+03 1.289009570312500000e+04
1.615660426262850024e+03 1.287399414062500000e+04
1.615681259649956019e+03 1.290553417968750000e+04
1.615702093036829410e+03 1.292354101562500000e+04
1.615722926423470653e+03 1.294513085937500000e+04
1.615743759809645553e+03 1.293741113281250000e+04
1.615764593195354792e+03 1.296014843750000000e+04
1.615785426580831881e+03 1.297196679687500000e+04
1.615806259965843083e+03 1.298337500000000000e+04
1.615827093350621681e+03 1.297628906250000000e+04
1.615847926735167448e+03 1.301129589843750000e+04
1.615868760119014723e+03 1.300702734375000000e+04
1.615889593502861317e+03 1.301714648437500000e+04
1.615910426886009418e+03 1.301788671875000000e+04
1.615931260269157974e+03 1.303872363281250000e+04
1.615952093651608266e+03 1.302371679687500000e+04
1.615972927033825044e+03 1.303250000000000000e+04
1.615993760415808993e+03 1.302626269531250000e+04
1.616014593797327734e+03 1.305274707031250000e+04
1.616035427178380360e+03 1.304630761718750000e+04
1.616056260559200155e+03 1.306868847656250000e+04
1.616077093939554970e+03 1.306315527343750000e+04
1.616097927319444125e+03 1.307891699218750000e+04
1.616118760699099539e+03 1.306226855468750000e+04
1.616139594078522350e+03 1.308591503906250000e+04
1.616160427457480182e+03 1.308205957031250000e+04
1.616181260835970988e+03 1.307856445312500000e+04
1.616202094213996133e+03 1.309906445312500000e+04
1.616222927591789585e+03 1.309711035156250000e+04
1.616243760969350433e+03 1.309134667968750000e+04
1.616264594346212107e+03 1.309121191406250000e+04
1.616285427723073781e+03 1.308420898437500000e+04
1.616306261099237645e+03 1.308420410156250000e+04
1.616327094475167769e+03 1.307833203125000000e+04
1.616347927850632459e+03 1.309509082031250000e+04
1.616368761225865001e+03 1.310759570312500000e+04
1.616389594600631881e+03 1.310660253906250000e+04
1.616410427974932418e+03 1.311324609375000000e+04
1.616431261348999897e+03 1.310354101562500000e+04
1.616452094722602624e+03 1.311995507812500000e+04
1.616472928095739007e+03 1.311978125000000000e+04
1.616493761468642560e+03 1.310534765625000000e+04
1.616514594841081134e+03 1.311032031250000000e+04
1.616535428213054047e+03 1.310548437500000000e+04
1.616556261584793219e+03 1.310837695312500000e+04
1.616577094956066958e+03 1.309512890625000000e+04
1.616597928327108548e+03 1.308222460937500000e+04
1.616618761697450964e+03 1.307822265625000000e+04
1.616639595067560322e+03 1.307094824218750000e+04
1.616660428437437758e+03 1.306988183593750000e+04
1.616681261806616703e+03 1.306602734375000000e+04
1.616702095175562135e+03 1.306378613281250000e+04
1.616722928544274737e+03 1.305209863281250000e+04
1.616743761912289528e+03 1.304225488281250000e+04
1.616764595280070580e+03 1.302919042968750000e+04
1.616785428647386198e+03 1.303338476562500000e+04
1.616806262014468984e+03 1.302775000000000000e+04
1.616827095381086110e+03 1.301188671875000000e+04
1.616847928747237574e+03 1.299376660156250000e+04
1.616868762112923150e+03 1.298199218750000000e+04
1.616889595478376805e+03 1.296457812500000000e+04
1.616910428843364116e+03 1.295526757812500000e+04
1.616931262207885766e+03 1.294048828125000000e+04
1.616952095571942436e+03 1.291857226562500000e+04
1.616972928935766049e+03 1.291610937500000000e+04
1.616993762299123546e+03 1.289871386718750000e+04
1.617014595662015381e+03 1.290825488281250000e+04
1.617035429024675068e+03 1.288825878906250000e+04
1.617056262386635581e+03 1.287233300781250000e+04
1.617097929109858569e+03 1.284602148437500000e+04
1.617118762470655611e+03 1.283543359375000000e+04
1.617139595831218458e+03 1.281133398437500000e+04
1.617160429191315643e+03 1.279536914062500000e+04
1.617181262550948304e+03 1.279401269531250000e+04
1.617202095910347680e+03 1.278942578125000000e+04
1.617222929269048564e+03 1.276147070312500000e+04
1.617243762627517299e+03 1.275884277343750000e+04
1.617264595985752976e+03 1.272673925781250000e+04
1.617285429343289707e+03 1.270517578125000000e+04
1.617306262700593606e+03 1.268793652343750000e+04
1.617327096057199697e+03 1.267778613281250000e+04
1.617347929413572956e+03 1.268595410156250000e+04
1.617368762769712475e+03 1.265965234375000000e+04
1.617389596125153048e+03 1.264223925781250000e+04
1.617410429480361472e+03 1.263268359375000000e+04
1.617431262835104235e+03 1.261836816406250000e+04
1.617452096189381336e+03 1.260010253906250000e+04
1.617472929543193231e+03 1.259973046875000000e+04
1.617493762896772523e+03 1.257244921875000000e+04
1.617514596249652641e+03 1.255108300781250000e+04
1.617535429602299928e+03 1.253398437500000000e+04
1.617556262954482236e+03 1.253002539062500000e+04
1.617577096306430803e+03 1.249033105468750000e+04
1.617597929657680424e+03 1.249716503906250000e+04
1.617618763008697897e+03 1.247114648437500000e+04
1.617639596359017560e+03 1.246330371093750000e+04
1.617660429709103710e+03 1.245354980468750000e+04
1.617681263058723971e+03 1.246892089843750000e+04
1.617702096408112311e+03 1.244682519531250000e+04
1.617722929756801477e+03 1.245952734375000000e+04
1.617743763105257813e+03 1.242727539062500000e+04
1.617764596453016338e+03 1.242961328125000000e+04
1.617785429800541124e+03 1.241331835937500000e+04
1.617806263147599793e+03 1.241398242187500000e+04
1.617827096494426314e+03 1.239499609375000000e+04
1.617847929840555025e+03 1.239733203125000000e+04
1.617868763186450224e+03 1.239276074218750000e+04
1.617889596531646703e+03 1.237352539062500000e+04
1.617910429876611261e+03 1.237090917968750000e+04
1.617931263221110157e+03 1.236546289062500000e+04
1.617952096565142710e+03 1.237067773437500000e+04
1.617972929908708693e+03 1.236174218750000000e+04
1.617993763252042754e+03 1.238639453125000000e+04
1.618014596594678324e+03 1.238075488281250000e+04
1.618035429937081062e+03 1.240106445312500000e+04
1.618056263278785991e+03 1.238672656250000000e+04
1.618077096620257862e+03 1.239452343750000000e+04
1.618097929961263617e+03 1.237775292968750000e+04
1.618118763301803028e+03 1.237512597656250000e+04
1.618139596641877461e+03 1.237081347656250000e+04
1.618160429981719062e+03 1.237654785156250000e+04
1.618181263320862172e+03 1.239120214843750000e+04
1.618202096659540075e+03 1.237590234375000000e+04
1.618222929997985375e+03 1.237453710937500000e+04
1.618243763335964331e+03 1.236618261718750000e+04
1.618264596673244114e+03 1.236855664062500000e+04
1.618285430010291520e+03 1.241083593750000000e+04
1.618306263346873493e+03 1.241292382812500000e+04
1.618327096682989804e+03 1.241092187500000000e+04
1.618347930018641136e+03 1.241753613281250000e+04
1.618368763353826807e+03 1.242286035156250000e+04
1.618389596688778738e+03 1.244714355468750000e+04
1.618410430023031722e+03 1.244745507812500000e+04
1.618431263356819727e+03 1.244541796875000000e+04
1.618452096690374901e+03 1.248412207031250000e+04
1.618472930023231356e+03 1.247031738281250000e+04
1.618493763355855890e+03 1.249552148437500000e+04
1.618514596688014763e+03 1.248826367187500000e+04
1.618535430019473779e+03 1.250511523437500000e+04
1.618556263350699965e+03 1.251304589843750000e+04
1.618577096681461853e+03 1.250888281250000000e+04
1.618597930011757171e+03 1.252664160156250000e+04
1.618618763341587055e+03 1.253357714843750000e+04
1.618639596670951960e+03 1.254858886718750000e+04
1.618660429999850521e+03 1.257444335937500000e+04
1.618681263328282739e+03 1.257709277343750000e+04
1.618702096656249751e+03 1.260059179687500000e+04
1.618722929983752010e+03 1.258907421875000000e+04
1.618743763310787926e+03 1.261889355468750000e+04
1.618764596637358181e+03 1.261878320312500000e+04
1.618785429963462548e+03 1.265958593750000000e+04
1.618806263289101480e+03 1.265808203125000000e+04
1.618827096614274751e+03 1.267359570312500000e+04
1.618847929939215192e+03 1.267411035156250000e+04
1.618868763263457822e+03 1.267235839843750000e+04
1.618889596587233200e+03 1.268244140625000000e+04
1.618910429910543144e+03 1.271189843750000000e+04
1.618931263233388790e+03 1.268581835937500000e+04
1.618952096556001607e+03 1.271246777343750000e+04
1.618972929877915021e+03 1.276914550781250000e+04
1.618993763199362320e+03 1.278760644531250000e+04
1.619014596520344639e+03 1.274677148437500000e+04
1.619035429840861298e+03 1.275589746093750000e+04
1.619056263160912295e+03 1.279189648437500000e+04
1.619077096480730916e+03 1.278649707031250000e+04
1.619097929799850590e+03 1.276265332031250000e+04
1.619118763118503921e+03 1.279270312500000000e+04
1.619139596436692273e+03 1.280027050781250000e+04
1.619160429754415645e+03 1.280747070312500000e+04
1.619181263071672447e+03 1.278980957031250000e+04
1.619202096388463133e+03 1.278872753906250000e+04
1.619222929704556009e+03 1.278398437500000000e+04
1.619243763020416736e+03 1.278305957031250000e+04
1.619264596335811120e+03 1.279954394531250000e+04
1.619285429650739616e+03 1.282029785156250000e+04
1.619306262964969847e+03 1.282114648437500000e+04
1.619327096278966565e+03 1.281968750000000000e+04
1.619347929592498303e+03 1.283362109375000000e+04
1.619368762905332233e+03 1.283156445312500000e+04
1.619389596217700273e+03 1.281168945312500000e+04
1.619410429529834346e+03 1.282248730468750000e+04
1.619431262841269927e+03 1.281173925781250000e+04
1.619452096152241211e+03 1.281061328125000000e+04
1.619472929462746151e+03 1.281232421875000000e+04
1.619493762772784521e+03 1.279762500000000000e+04
1.619514596082358139e+03 1.278744140625000000e+04
1.619535429391466778e+03 1.279231347656250000e+04
1.619556262700109073e+03 1.277101855468750000e+04
1.619577096008052877e+03 1.277418164062500000e+04
1.619597929315763622e+03 1.277651367187500000e+04
1.619618762622775421e+03 1.277778320312500000e+04
1.619639595929322240e+03 1.276432128906250000e+04
1.619660429235403853e+03 1.275413281250000000e+04
1.619681262541252181e+03 1.277501367187500000e+04
1.619702095846168504e+03 1.277517382812500000e+04
1.619722929150852679e+03 1.275189355468750000e+04
1.619743762455071874e+03 1.274225585937500000e+04
1.619764595758591213e+03 1.273195019531250000e+04
1.619785429061877494e+03 1.272075878906250000e+04
1.619806262364466875e+03 1.273423144531250000e+04
1.619827095666590594e+03 1.271029785156250000e+04
1.619847928968247061e+03 1.268408691406250000e+04
1.619868762269438093e+03 1.267199218750000000e+04
1.619889595569931998e+03 1.267262500000000000e+04
1.619910428870192391e+03 1.265276660156250000e+04
1.619931262169753609e+03 1.266564941406250000e+04
1.619952095468849848e+03 1.265045703125000000e+04
1.619972928767480880e+03 1.265544238281250000e+04
1.619993762065412966e+03 1.263234960937500000e+04
1.620014595363111539e+03 1.263124316406250000e+04
1.620035428660112302e+03 1.261078320312500000e+04
1.620056261956647404e+03 1.261916406250000000e+04
1.620077095252716617e+03 1.260452343750000000e+04
1.620097928548320397e+03 1.259966503906250000e+04
1.620118761843458515e+03 1.258848242187500000e+04
1.620139595137898141e+03 1.257803906250000000e+04
1.620160428431872106e+03 1.256131835937500000e+04
1.620181261725380182e+03 1.256433789062500000e+04
1.620222928310766292e+03 1.254009082031250000e+04
1.620243761602644781e+03 1.253549414062500000e+04
1.620264594894057382e+03 1.253815332031250000e+04
1.620285428185004548e+03 1.252666210937500000e+04
1.620306261475253223e+03 1.252835253906250000e+04
1.620327094765036236e+03 1.253089355468750000e+04
1.620347928054352678e+03 1.253486816406250000e+04
1.620368761343204369e+03 1.252529003906250000e+04
1.620389594631358250e+03 1.253646289062500000e+04
1.620410427919045787e+03 1.252882617187500000e+04
1.620431261206266981e+03 1.252609179687500000e+04
1.620452094492790138e+03 1.250843847656250000e+04
1.620472927778847861e+03 1.252502539062500000e+04
1.620493761064439241e+03 1.252657714843750000e+04
1.620514594349565641e+03 1.252513281250000000e+04
1.620535427633994232e+03 1.251991894531250000e+04
1.620556260917956251e+03 1.254704394531250000e+04
1.620577094201452155e+03 1.253650488281250000e+04
1.620597927484250249e+03 1.255888574218750000e+04
1.620618760766582682e+03 1.257923632812500000e+04
1.620639594048448771e+03 1.258787011718750000e+04
1.620660427329616823e+03 1.258276562500000000e+04
1.620681260610319441e+03 1.260301074218750000e+04
1.620702093890323567e+03 1.261331542968750000e+04
1.620722927170094636e+03 1.263962500000000000e+04
1.620743760448934609e+03 1.264836816406250000e+04
1.620764593727541751e+03 1.264187402343750000e+04
1.620785427005449719e+03 1.263723046875000000e+04
1.620806260282659878e+03 1.264757421875000000e+04
1.620827093559637206e+03 1.264110644531250000e+04
1.620847926835682983e+03 1.264245898437500000e+04
1.620868760111496158e+03 1.267308496093750000e+04
1.620889593386610159e+03 1.269131738281250000e+04
1.620910426661026349e+03 1.271682910156250000e+04
1.620931259935209482e+03 1.273599316406250000e+04
1.620952093208460838e+03 1.272902246093750000e+04
1.620972926481247214e+03 1.273143359375000000e+04
1.620993759753568611e+03 1.274915722656250000e+04
1.621014593025423665e+03 1.275489746093750000e+04
1.621035426296346486e+03 1.276606347656250000e+04
1.621056259567037387e+03 1.276205664062500000e+04
1.621077092837029795e+03 1.277737109375000000e+04
1.621097926106322802e+03 1.279450488281250000e+04
1.621118759375151058e+03 1.280523535156250000e+04
1.621139592643281503e+03 1.279721191406250000e+04
1.621160425910944923e+03 1.281246484375000000e+04
1.621181259177909851e+03 1.289522070312500000e+04
1.621202092444410255e+03 1.287824804687500000e+04
1.621222925710211030e+03 1.284979492187500000e+04
1.621243758975546143e+03 1.287555175781250000e+04
1.621264592240184129e+03 1.287525390625000000e+04
1.621285425504122941e+03 1.288023242187500000e+04
1.621306258767595182e+03 1.288667773437500000e+04
1.621327092030369840e+03 1.290321386718750000e+04
1.621347925292678838e+03 1.289821093750000000e+04
1.621368758554288661e+03 1.291010058593750000e+04
1.621389591815200447e+03 1.291317089843750000e+04
1.621410425075646799e+03 1.293550195312500000e+04
1.621431258335394659e+03 1.294949316406250000e+04
1.621452091594676858e+03 1.294208300781250000e+04
1.621472924853259883e+03 1.292727539062500000e+04
1.621493758111145098e+03 1.294841503906250000e+04
1.621514591368330912e+03 1.295130371093750000e+04
1.621535424625051292e+03 1.295615136718750000e+04
1.621556257881074544e+03 1.297307617187500000e+04
1.621577091136398622e+03 1.298534375000000000e+04
1.621597924391256129e+03 1.300176464843750000e+04
1.621618757645183223e+03 1.300254589843750000e+04
1.621639590898644656e+03 1.299829687500000000e+04
1.621660424151639745e+03 1.300463476562500000e+04
1.621681257403704194e+03 1.301362402343750000e+04
1.621702090655302754e+03 1.301451855468750000e+04
1.621722923905970219e+03 1.302909277343750000e+04
1.621743757156172023e+03 1.303169433593750000e+04
1.621764590405674653e+03 1.305100878906250000e+04
1.621785423654712076e+03 1.303978417968750000e+04
1.621806256902817722e+03 1.302716992187500000e+04
1.621827090150457707e+03 1.303847753906250000e+04
1.621847923397167733e+03 1.304047949218750000e+04
1.621868756643411189e+03 1.304244824218750000e+04
1.621889589888955697e+03 1.304000292968750000e+04
1.621910423133569566e+03 1.304972949218750000e+04
1.621931256377717773e+03 1.305781738281250000e+04
1.621952089621166806e+03 1.305884082031250000e+04
1.621972922863917120e+03 1.304909667968750000e+04
1.621993756105969851e+03 1.304465917968750000e+04
1.622014589347324772e+03 1.305901757812500000e+04
1.622035422587747007e+03 1.305804687500000000e+04
1.622056255827703581e+03 1.305343457031250000e+04
1.622077089066729968e+03 1.304071582031250000e+04
1.622097922305289558e+03 1.303839355468750000e+04
1.622118755542917825e+03 1.301791992187500000e+04
1.622139588779848282e+03 1.301284277343750000e+04
1.622160422016080020e+03 1.300796582031250000e+04
1.622181255251613493e+03 1.301511328125000000e+04
1.622202088486447792e+03 1.301068847656250000e+04
1.622222921720351451e+03 1.301588281250000000e+04
1.622243754953556390e+03 1.298656445312500000e+04
1.622264588186062383e+03 1.299180664062500000e+04
1.622285421417870566e+03 1.297991015625000000e+04
1.622306254648747426e+03 1.297996386718750000e+04
1.622327087878925113e+03 1.298429003906250000e+04
1.622347921108171249e+03 1.295411621093750000e+04
1.622368754336719803e+03 1.293837695312500000e+04
1.622389587564570547e+03 1.293641406250000000e+04
1.622410420791488605e+03 1.293496191406250000e+04
1.622431254017707943e+03 1.289447070312500000e+04
1.622452087242996868e+03 1.289404199218750000e+04
1.622472920467353788e+03 1.287548925781250000e+04
1.622493753691245729e+03 1.286214257812500000e+04
1.622514586913973517e+03 1.284652050781250000e+04
1.622535420136002585e+03 1.284190820312500000e+04
1.622556253357099877e+03 1.283892382812500000e+04
1.622577086577498676e+03 1.281839257812500000e+04
1.622597919796734686e+03 1.281109863281250000e+04
1.622618753015270840e+03 1.279362207031250000e+04
1.622639586233108275e+03 1.277041210937500000e+04
1.622660419449782466e+03 1.275856738281250000e+04
1.622681252665758166e+03 1.273559179687500000e+04
1.622702085880568802e+03 1.272552148437500000e+04
1.622722919094681174e+03 1.269674804687500000e+04
1.622743752307863588e+03 1.268010351562500000e+04
1.622764585519880484e+03 1.265368261718750000e+04
1.622785418731198888e+03 1.262937890625000000e+04
1.622806251941586424e+03 1.260495117187500000e+04
1.622827085150810035e+03 1.261845214843750000e+04
1.622847918359101641e+03 1.259037207031250000e+04
1.622868751566461924e+03 1.258175195312500000e+04
1.622889584772892022e+03 1.256053710937500000e+04
1.622910417978156829e+03 1.253459765625000000e+04
1.622931251182490314e+03 1.252420605468750000e+04
1.622952084385893158e+03 1.251157421875000000e+04
1.622972917588131850e+03 1.250306835937500000e+04
1.622993750789205478e+03 1.249881640625000000e+04
1.623014583989348012e+03 1.245825097656250000e+04
1.623035417188560587e+03 1.247654492187500000e+04
1.623056250386374586e+03 1.245475683593750000e+04
1.623077083583257490e+03 1.243609667968750000e+04
1.623097916778976924e+03 1.241139062500000000e+04
1.623118749973532204e+03 1.237598632812500000e+04
1.623139583166922648e+03 1.237543164062500000e+04
1.623160416359148940e+03 1.236722363281250000e+04
1.623181249550211533e+03 1.236921289062500000e+04
1.623202082740109518e+03 1.233165136718750000e+04
1.623222915928611201e+03 1.233711718750000000e+04
1.623243749116181561e+03 1.233301367187500000e+04
1.623264582302121880e+03 1.232473046875000000e+04
1.623285415487130422e+03 1.231874707031250000e+04
1.623306248670509149e+03 1.232691503906250000e+04
1.623327081852724405e+03 1.229475195312500000e+04
1.623347915033774598e+03 1.231639160156250000e+04
1.623368748213195204e+03 1.228829687500000000e+04
1.623389581391452339e+03 1.228569628906250000e+04
1.623410414568079659e+03 1.227247167968750000e+04
1.623431247743542144e+03 1.227429296875000000e+04
1.623452080917374587e+03 1.225261230468750000e+04
1.623472914089810956e+03 1.226726171875000000e+04
1.623493747260617511e+03 1.226991601562500000e+04
1.623514580430026172e+03 1.226502832031250000e+04
1.623535413597805928e+03 1.227932812500000000e+04
1.623556246763955869e+03 1.228382324218750000e+04
1.623577079928708145e+03 1.228031250000000000e+04
1.623597913091597775e+03 1.228125585937500000e+04
1.623618746252858045e+03 1.229525097656250000e+04
1.623639579412488047e+03 1.230214257812500000e+04
1.623660412570255403e+03 1.229345703125000000e+04
1.623681245726393627e+03 1.229863671875000000e+04
1.623702078880669205e+03 1.230076757812500000e+04
1.623722912033081229e+03 1.231188085937500000e+04
1.623743745183630836e+03 1.229944628906250000e+04
1.623764578332318479e+03 1.230509570312500000e+04
1.623785411478909964e+03 1.231722265625000000e+04
1.623806244623638577e+03 1.230600683593750000e+04
1.623827077766272623e+03 1.232680859375000000e+04
1.623847910906811194e+03 1.233826464843750000e+04
1.623868744045253607e+03 1.235771777343750000e+04
